1.00,1,0.36
2.00,1,0.52
3.00,1,0.78
4.00,1,0.33
5.00,1,2.09
6.00,1,1.74
7.00,1,3.09
8.00,1,0.27
9.00,1,2.88
10.00,1,2.94
11.00,1,1.78
1.00,2,0.36
2.00,2,0.64
3.00,2,0.64
4.00,2,0.70
5.00,2,1.02
6.00,2,0.51
7.00,2,1.09
8.00,2,2.34
9.00,2,2.42
10.00,2,2.32
11.00,2,1.57
1.00,3,0.36
2.00,3,0.72
3.00,3,0.35
4.00,3,2.07
5.00,3,0.59
6.00,3,1.33
7.00,3,5.80
8.00,3,0.71
9.00,3,3.71
10.00,3,1.53
11.00,3,5.48
1.00,4,0.36
2.00,4,0.21
3.00,4,1.35
4.00,4,0.64
5.00,4,0.41
6.00,4,1.25
7.00,4,2.66
8.00,4,2.06
9.00,4,1.47
10.00,4,3.82
11.00,4,1.73
1.00,5,0.36
2.00,5,0.51
3.00,5,0.11
4.00,5,1.58
5.00,5,2.29
6.00,5,0.85
7.00,5,1.76
8.00,5,4.88
9.00,5,4.35
10.00,5,3.80
11.00,5,5.81
1.00,6,0.36
2.00,6,0.27
3.00,6,0.88
4.00,6,1.42
5.00,6,0.93
6.00,6,0.81
7.00,6,1.14
8.00,6,0.47
9.00,6,5.65
10.00,6,2.64
11.00,6,1.00
1.00,7,0.36
2.00,7,0.31
3.00,7,0.74
4.00,7,0.92
5.00,7,0.88
6.00,7,1.84
7.00,7,2.14
8.00,7,2.61
9.00,7,2.14
10.00,7,2.49
11.00,7,1.67
1.00,8,0.36
2.00,8,0.51
3.00,8,0.60
4.00,8,1.37
5.00,8,0.59
6.00,8,1.93
7.00,8,3.28
8.00,8,3.37
9.00,8,0.60
10.00,8,1.75
11.00,8,1.45
1.00,9,0.36
2.00,9,0.45
3.00,9,0.71
4.00,9,0.50
5.00,9,2.15
6.00,9,2.90
7.00,9,1.82
8.00,9,2.02
9.00,9,3.26
10.00,9,0.87
11.00,9,1.37
1.00,10,0.36
2.00,10,0.35
3.00,10,0.80
4.00,10,0.39
5.00,10,0.24
6.00,10,1.10
7.00,10,3.30
8.00,10,3.63
9.00,10,0.72
10.00,10,2.45
11.00,10,1.27
1.00,11,0.36
2.00,11,0.23
3.00,11,1.27
4.00,11,0.18
5.00,11,1.01
6.00,11,3.70
7.00,11,3.37
8.00,11,0.53
9.00,11,0.78
10.00,11,1.98
11.00,11,4.92
1.00,12,0.36
2.00,12,0.77
3.00,12,0.72
4.00,12,0.73
5.00,12,0.83
6.00,12,1.15
7.00,12,1.16
8.00,12,1.38
9.00,12,3.42
10.00,12,2.46
11.00,12,1.42
1.00,13,0.36
2.00,13,0.31
3.00,13,0.90
4.00,13,0.33
5.00,13,0.92
6.00,13,1.13
7.00,13,1.45
8.00,13,2.44
9.00,13,0.94
10.00,13,1.98
11.00,13,3.90
1.00,14,0.36
2.00,14,0.14
3.00,14,0.18
4.00,14,0.50
5.00,14,1.28
6.00,14,1.60
7.00,14,4.52
8.00,14,4.79
9.00,14,4.36
10.00,14,2.91
11.00,14,5.88
1.00,15,0.36
2.00,15,0.54
3.00,15,1.13
4.00,15,1.22
5.00,15,1.69
6.00,15,0.53
7.00,15,0.56
8.00,15,2.75
9.00,15,5.34
10.00,15,1.60
11.00,15,2.06
1.00,16,0.36
2.00,16,0.79
3.00,16,0.74
4.00,16,1.08
5.00,16,1.32
6.00,16,1.12
7.00,16,1.52
8.00,16,3.38
9.00,16,1.11
10.00,16,2.31
11.00,16,1.91
1.00,17,0.36
2.00,17,0.54
3.00,17,0.64
4.00,17,1.72
5.00,17,1.95
6.00,17,0.64
7.00,17,1.33
8.00,17,3.71
9.00,17,1.30
10.00,17,2.99
11.00,17,4.49
1.00,18,0.36
2.00,18,0.35
3.00,18,0.62
4.00,18,0.64
5.00,18,0.91
6.00,18,0.81
7.00,18,0.66
8.00,18,2.32
9.00,18,2.45
10.00,18,0.73
11.00,18,3.70
1.00,19,0.36
2.00,19,0.39
3.00,19,0.25
4.00,19,1.80
5.00,19,0.89
6.00,19,0.89
7.00,19,2.41
8.00,19,3.10
9.00,19,1.10
10.00,19,2.54
11.00,19,1.96
1.00,20,0.36
2.00,20,0.31
3.00,20,0.75
4.00,20,1.44
5.00,20,0.82
6.00,20,0.82
7.00,20,2.14
8.00,20,0.66
9.00,20,1.95
10.00,20,4.38
11.00,20,2.76
1.00,21,0.36
2.00,21,0.59
3.00,21,1.07
4.00,21,0.24
5.00,21,1.57
6.00,21,2.68
7.00,21,2.20
8.00,21,1.14
9.00,21,7.29
10.00,21,3.66
11.00,21,3.36
1.00,22,0.36
2.00,22,0.47
3.00,22,0.29
4.00,22,0.21
5.00,22,0.79
6.00,22,1.04
7.00,22,0.78
8.00,22,0.62
9.00,22,1.21
10.00,22,2.76
11.00,22,6.55
1.00,23,0.36
2.00,23,0.20
3.00,23,0.49
4.00,23,2.50
5.00,23,2.04
6.00,23,1.76
7.00,23,1.31
8.00,23,0.87
9.00,23,5.63
10.00,23,0.63
11.00,23,3.68
1.00,24,0.36
2.00,24,0.77
3.00,24,0.95
4.00,24,0.98
5.00,24,2.58
6.00,24,2.92
7.00,24,0.97
8.00,24,0.86
9.00,24,1.57
10.00,24,0.95
11.00,24,4.18
1.00,25,0.36
2.00,25,0.63
3.00,25,0.29
4.00,25,0.76
5.00,25,0.27
6.00,25,2.72
7.00,25,1.86
8.00,25,1.94
9.00,25,1.94
10.00,25,2.08
11.00,25,1.65
1.00,26,0.36
2.00,26,0.69
3.00,26,0.66
4.00,26,0.36
5.00,26,1.61
6.00,26,2.28
7.00,26,0.99
8.00,26,1.28
9.00,26,0.23
10.00,26,3.99
11.00,26,2.10
1.00,27,0.36
2.00,27,0.56
3.00,27,0.11
4.00,27,1.61
5.00,27,1.10
6.00,27,0.95
7.00,27,4.62
8.00,27,2.79
9.00,27,1.02
10.00,27,1.42
11.00,27,1.20
1.00,28,0.36
2.00,28,0.54
3.00,28,0.74
4.00,28,1.19
5.00,28,0.93
6.00,28,1.82
7.00,28,1.39
8.00,28,0.52
9.00,28,1.55
10.00,28,1.82
11.00,28,1.61
1.00,29,0.36
2.00,29,0.32
3.00,29,1.02
4.00,29,1.51
5.00,29,2.24
6.00,29,1.11
7.00,29,2.38
8.00,29,1.15
9.00,29,1.55
10.00,29,1.45
11.00,29,4.57
1.00,30,0.36
2.00,30,0.25
3.00,30,1.32
4.00,30,0.23
5.00,30,0.39
6.00,30,2.55
7.00,30,2.57
8.00,30,1.30
9.00,30,2.21
10.00,30,2.19
11.00,30,2.32
1.00,31,0.36
2.00,31,0.50
3.00,31,1.41
4.00,31,0.89
5.00,31,1.30
6.00,31,3.70
7.00,31,1.18
8.00,31,1.53
9.00,31,1.94
10.00,31,0.57
11.00,31,3.90
1.00,32,0.36
2.00,32,0.44
3.00,32,0.19
4.00,32,0.26
5.00,32,1.87
6.00,32,0.48
7.00,32,3.71
8.00,32,1.40
9.00,32,5.72
10.00,32,5.51
11.00,32,2.85
1.00,33,0.36
2.00,33,0.44
3.00,33,0.63
4.00,33,1.20
5.00,33,0.46
6.00,33,0.85
7.00,33,1.52
8.00,33,3.45
9.00,33,1.17
10.00,33,1.90
11.00,33,2.87
1.00,34,0.36
2.00,34,1.02
3.00,34,0.74
4.00,34,0.94
5.00,34,1.30
6.00,34,0.82
7.00,34,0.87
8.00,34,1.03
9.00,34,1.75
10.00,34,2.74
11.00,34,1.80
1.00,35,0.36
2.00,35,0.42
3.00,35,1.90
4.00,35,2.30
5.00,35,1.79
6.00,35,1.22
7.00,35,2.63
8.00,35,1.16
9.00,35,0.62
10.00,35,1.02
11.00,35,1.65
1.00,36,0.36
2.00,36,0.42
3.00,36,0.27
4.00,36,0.28
5.00,36,0.84
6.00,36,1.75
7.00,36,0.50
8.00,36,0.81
9.00,36,5.13
10.00,36,6.79
11.00,36,0.77
1.00,37,0.36
2.00,37,0.55
3.00,37,0.50
4.00,37,1.59
5.00,37,1.32
6.00,37,2.26
7.00,37,2.32
8.00,37,5.98
9.00,37,1.78
10.00,37,3.65
11.00,37,3.33
1.00,38,0.36
2.00,38,0.40
3.00,38,0.28
4.00,38,0.53
5.00,38,1.08
6.00,38,1.93
7.00,38,2.38
8.00,38,2.74
9.00,38,1.98
10.00,38,2.13
11.00,38,3.29
1.00,39,0.36
2.00,39,0.39
3.00,39,1.59
4.00,39,0.97
5.00,39,2.11
6.00,39,1.84
7.00,39,0.53
8.00,39,1.07
9.00,39,3.92
10.00,39,4.11
11.00,39,6.06
1.00,40,0.36
2.00,40,0.38
3.00,40,0.41
4.00,40,0.81
5.00,40,2.38
6.00,40,0.73
7.00,40,1.38
8.00,40,1.08
9.00,40,1.77
10.00,40,2.53
11.00,40,3.22
1.00,41,0.36
2.00,41,0.49
3.00,41,0.31
4.00,41,0.82
5.00,41,0.45
6.00,41,0.94
7.00,41,0.80
8.00,41,2.87
9.00,41,0.70
10.00,41,3.47
11.00,41,3.30
1.00,42,0.36
2.00,42,0.41
3.00,42,1.25
4.00,42,0.27
5.00,42,2.95
6.00,42,2.50
7.00,42,1.91
8.00,42,1.50
9.00,42,1.29
10.00,42,1.55
11.00,42,5.19
1.00,43,0.36
2.00,43,0.72
3.00,43,0.36
4.00,43,0.42
5.00,43,1.53
6.00,43,2.61
7.00,43,0.25
8.00,43,0.42
9.00,43,4.32
10.00,43,6.06
11.00,43,0.87
1.00,44,0.36
2.00,44,0.35
3.00,44,0.52
4.00,44,0.69
5.00,44,1.20
6.00,44,1.14
7.00,44,1.07
8.00,44,1.37
9.00,44,0.30
10.00,44,1.06
11.00,44,1.08
1.00,45,0.36
2.00,45,0.52
3.00,45,1.24
4.00,45,1.09
5.00,45,0.35
6.00,45,1.43
7.00,45,0.64
8.00,45,1.93
9.00,45,3.76
10.00,45,3.54
11.00,45,1.33
1.00,46,0.36
2.00,46,0.42
3.00,46,1.14
4.00,46,0.72
5.00,46,1.22
6.00,46,2.52
7.00,46,6.67
8.00,46,2.24
9.00,46,0.78
10.00,46,3.76
11.00,46,4.50
1.00,47,0.36
2.00,47,0.29
3.00,47,0.77
4.00,47,0.19
5.00,47,0.47
6.00,47,1.19
7.00,47,1.36
8.00,47,1.36
9.00,47,3.09
10.00,47,1.92
11.00,47,8.38
1.00,48,0.36
2.00,48,0.33
3.00,48,1.47
4.00,48,1.49
5.00,48,0.58
6.00,48,2.63
7.00,48,1.19
8.00,48,1.54
9.00,48,1.27
10.00,48,2.99
11.00,48,2.00
1.00,49,0.36
2.00,49,0.19
3.00,49,0.39
4.00,49,1.12
5.00,49,1.02
6.00,49,2.00
7.00,49,2.85
8.00,49,2.63
9.00,49,0.94
10.00,49,1.16
11.00,49,1.16
1.00,50,0.36
2.00,50,0.50
3.00,50,0.79
4.00,50,0.17
5.00,50,0.75
6.00,50,1.18
7.00,50,0.73
8.00,50,3.50
9.00,50,0.78
10.00,50,3.00
11.00,50,0.94
1.00,51,0.36
2.00,51,0.40
3.00,51,0.73
4.00,51,0.44
5.00,51,2.94
6.00,51,1.84
7.00,51,0.77
8.00,51,1.51
9.00,51,2.05
10.00,51,1.63
11.00,51,2.95
1.00,52,0.36
2.00,52,0.22
3.00,52,0.23
4.00,52,0.48
5.00,52,0.83
6.00,52,0.75
7.00,52,2.66
8.00,52,0.85
9.00,52,4.42
10.00,52,2.54
11.00,52,3.15
1.00,53,0.36
2.00,53,0.40
3.00,53,0.23
4.00,53,2.32
5.00,53,3.16
6.00,53,2.21
7.00,53,1.35
8.00,53,1.53
9.00,53,1.34
10.00,53,2.82
11.00,53,1.91
1.00,54,0.36
2.00,54,0.77
3.00,54,0.60
4.00,54,2.50
5.00,54,0.23
6.00,54,2.05
7.00,54,0.49
8.00,54,1.95
9.00,54,4.58
10.00,54,2.82
11.00,54,6.81
1.00,55,0.36
2.00,55,0.46
3.00,55,1.52
4.00,55,0.78
5.00,55,1.22
6.00,55,2.34
7.00,55,0.78
8.00,55,0.88
9.00,55,1.80
10.00,55,5.69
11.00,55,2.69
1.00,56,0.36
2.00,56,0.31
3.00,56,1.83
4.00,56,0.67
5.00,56,0.58
6.00,56,1.33
7.00,56,3.79
8.00,56,2.22
9.00,56,4.51
10.00,56,3.02
11.00,56,0.96
1.00,57,0.36
2.00,57,0.85
3.00,57,0.42
4.00,57,1.35
5.00,57,0.51
6.00,57,1.72
7.00,57,2.89
8.00,57,2.54
9.00,57,1.92
10.00,57,2.69
11.00,57,3.60
1.00,58,0.36
2.00,58,0.38
3.00,58,0.76
4.00,58,1.03
5.00,58,3.25
6.00,58,0.61
7.00,58,1.09
8.00,58,0.89
9.00,58,0.99
10.00,58,3.18
11.00,58,0.64
1.00,59,0.36
2.00,59,0.55
3.00,59,0.90
4.00,59,0.90
5.00,59,2.03
6.00,59,0.91
7.00,59,1.44
8.00,59,1.81
9.00,59,1.31
10.00,59,0.96
11.00,59,0.54
1.00,60,0.36
2.00,60,0.68
3.00,60,0.31
4.00,60,1.55
5.00,60,1.44
6.00,60,3.47
7.00,60,2.50
8.00,60,2.96
9.00,60,1.69
10.00,60,0.33
11.00,60,6.61
1.00,61,0.36
2.00,61,0.57
3.00,61,0.57
4.00,61,1.21
5.00,61,1.16
6.00,61,2.43
7.00,61,3.15
8.00,61,1.62
9.00,61,1.02
10.00,61,0.33
11.00,61,1.25
1.00,62,0.36
2.00,62,0.23
3.00,62,0.47
4.00,62,0.44
5.00,62,0.49
6.00,62,1.56
7.00,62,1.51
8.00,62,2.76
9.00,62,1.74
10.00,62,6.49
11.00,62,1.68
1.00,63,0.36
2.00,63,0.30
3.00,63,0.98
4.00,63,1.42
5.00,63,0.57
6.00,63,2.47
7.00,63,1.06
8.00,63,1.15
9.00,63,2.73
10.00,63,2.30
11.00,63,5.17
1.00,64,0.36
2.00,64,0.40
3.00,64,0.34
4.00,64,1.31
5.00,64,0.95
6.00,64,0.68
7.00,64,2.97
8.00,64,4.71
9.00,64,1.54
10.00,64,5.26
11.00,64,1.78
1.00,65,0.36
2.00,65,0.58
3.00,65,1.05
4.00,65,0.53
5.00,65,2.33
6.00,65,0.46
7.00,65,0.51
8.00,65,1.18
9.00,65,2.67
10.00,65,2.77
11.00,65,2.41
1.00,66,0.36
2.00,66,0.38
3.00,66,0.32
4.00,66,0.63
5.00,66,0.50
6.00,66,0.62
7.00,66,1.74
8.00,66,3.34
9.00,66,3.17
10.00,66,1.38
11.00,66,5.60
1.00,67,0.36
2.00,67,0.30
3.00,67,0.32
4.00,67,0.34
5.00,67,1.58
6.00,67,0.58
7.00,67,0.69
8.00,67,1.84
9.00,67,5.60
10.00,67,2.24
11.00,67,1.21
1.00,68,0.36
2.00,68,0.42
3.00,68,0.47
4.00,68,0.82
5.00,68,1.62
6.00,68,1.20
7.00,68,2.01
8.00,68,3.92
9.00,68,3.70
10.00,68,1.01
11.00,68,4.39
1.00,69,0.36
2.00,69,0.40
3.00,69,0.80
4.00,69,0.51
5.00,69,3.75
6.00,69,0.36
7.00,69,1.57
8.00,69,1.09
9.00,69,5.89
10.00,69,1.64
11.00,69,0.91
1.00,70,0.36
2.00,70,0.87
3.00,70,0.47
4.00,70,0.55
5.00,70,2.01
6.00,70,1.70
7.00,70,3.45
8.00,70,1.11
9.00,70,2.51
10.00,70,1.59
11.00,70,3.35
1.00,71,0.36
2.00,71,0.31
3.00,71,1.21
4.00,71,1.40
5.00,71,3.74
6.00,71,2.33
7.00,71,0.88
8.00,71,0.71
9.00,71,6.37
10.00,71,1.02
11.00,71,4.16
1.00,72,0.36
2.00,72,0.29
3.00,72,0.89
4.00,72,0.28
5.00,72,0.76
6.00,72,0.71
7.00,72,2.78
8.00,72,2.31
9.00,72,1.43
10.00,72,2.31
11.00,72,2.34
1.00,73,0.36
2.00,73,1.06
3.00,73,0.43
4.00,73,1.33
5.00,73,1.13
6.00,73,1.12
7.00,73,2.23
8.00,73,1.82
9.00,73,1.01
10.00,73,1.69
11.00,73,4.45
1.00,74,0.36
2.00,74,0.41
3.00,74,1.07
4.00,74,2.09
5.00,74,0.74
6.00,74,1.86
7.00,74,1.47
8.00,74,2.62
9.00,74,1.74
10.00,74,5.82
11.00,74,1.22
1.00,75,0.36
2.00,75,0.88
3.00,75,0.53
4.00,75,0.61
5.00,75,0.64
6.00,75,0.51
7.00,75,1.87
8.00,75,3.47
9.00,75,3.23
10.00,75,4.33
11.00,75,0.69

1.00,76,0.36
2.00,76,0.31
3.00,76,0.75
4.00,76,0.63
5.00,76,1.31
6.00,76,3.04
7.00,76,1.77
8.00,76,4.62
9.00,76,3.00
10.00,76,2.36
11.00,76,0.43
1.00,77,0.36
2.00,77,0.95
3.00,77,0.40
4.00,77,1.12
5.00,77,0.41
6.00,77,0.68
7.00,77,0.91
8.00,77,1.52
9.00,77,1.43
10.00,77,1.18
11.00,77,0.67
1.00,78,0.36
2.00,78,0.34
3.00,78,1.20
4.00,78,0.91
5.00,78,0.64
6.00,78,4.65
7.00,78,0.77
8.00,78,0.60
9.00,78,0.79
10.00,78,5.00
11.00,78,4.30
1.00,79,0.36
2.00,79,0.51
3.00,79,1.41
4.00,79,0.86
5.00,79,0.65
6.00,79,1.38
7.00,79,3.42
8.00,79,3.83
9.00,79,0.34
10.00,79,2.94
11.00,79,2.89
1.00,80,0.36
2.00,80,0.56
3.00,80,1.86
4.00,80,0.83
5.00,80,0.59
6.00,80,0.14
7.00,80,0.43
8.00,80,1.43
9.00,80,2.01
10.00,80,1.22
11.00,80,4.60
1.00,81,0.36
2.00,81,0.44
3.00,81,0.23
4.00,81,1.21
5.00,81,1.64
6.00,81,4.06
7.00,81,3.98
8.00,81,3.52
9.00,81,2.75
10.00,81,2.76
11.00,81,2.31
1.00,82,0.36
2.00,82,0.56
3.00,82,0.70
4.00,82,0.57
5.00,82,1.18
6.00,82,2.45
7.00,82,3.24
8.00,82,2.46
9.00,82,4.75
10.00,82,3.65
11.00,82,2.29
1.00,83,0.36
2.00,83,0.31
3.00,83,0.70
4.00,83,0.66
5.00,83,1.14
6.00,83,1.64
7.00,83,1.52
8.00,83,0.73
9.00,83,0.46
10.00,83,3.06
11.00,83,3.74
1.00,84,0.36
2.00,84,0.30
3.00,84,0.58
4.00,84,2.35
5.00,84,3.89
6.00,84,1.96
7.00,84,1.65
8.00,84,0.79
9.00,84,1.56
10.00,84,0.69
11.00,84,2.62
1.00,85,0.36
2.00,85,0.07
3.00,85,0.43
4.00,85,2.14
5.00,85,0.57
6.00,85,1.18
7.00,85,0.89
8.00,85,1.78
9.00,85,5.06
10.00,85,3.49
11.00,85,6.35
1.00,86,0.36
2.00,86,0.70
3.00,86,0.42
4.00,86,1.56
5.00,86,0.82
6.00,86,2.96
7.00,86,0.52
8.00,86,3.05
9.00,86,0.82
10.00,86,2.50
11.00,86,7.13
1.00,87,0.36
2.00,87,0.30
3.00,87,1.19
4.00,87,0.43
5.00,87,1.16
6.00,87,1.11
7.00,87,1.46
8.00,87,3.74
9.00,87,2.31
10.00,87,2.29
11.00,87,2.05
1.00,88,0.36
2.00,88,0.60
3.00,88,0.46
4.00,88,1.04
5.00,88,1.13
6.00,88,1.31
7.00,88,0.34
8.00,88,2.10
9.00,88,1.38
10.00,88,1.89
11.00,88,1.70
1.00,89,0.36
2.00,89,0.31
3.00,89,0.52
4.00,89,0.52
5.00,89,0.81
6.00,89,0.18
7.00,89,3.46
8.00,89,1.44
9.00,89,1.38
10.00,89,2.27
11.00,89,2.18
1.00,90,0.36
2.00,90,0.37
3.00,90,1.38
4.00,90,0.43
5.00,90,1.20
6.00,90,2.77
7.00,90,1.18
8.00,90,2.65
9.00,90,0.62
10.00,90,1.73
11.00,90,3.20
1.00,91,0.36
2.00,91,0.35
3.00,91,0.37
4.00,91,0.43
5.00,91,1.63
6.00,91,1.04
7.00,91,1.16
8.00,91,2.72
9.00,91,4.66
10.00,91,6.19
11.00,91,0.95
1.00,92,0.36
2.00,92,0.42
3.00,92,0.72
4.00,92,3.09
5.00,92,0.58
6.00,92,1.44
7.00,92,1.37
8.00,92,2.31
9.00,92,1.06
10.00,92,1.34
11.00,92,2.89
1.00,93,0.36
2.00,93,0.24
3.00,93,1.16
4.00,93,0.37
5.00,93,1.83
6.00,93,3.54
7.00,93,1.88
8.00,93,1.27
9.00,93,1.30
10.00,93,2.21
11.00,93,1.23
1.00,94,0.36
2.00,94,0.58
3.00,94,1.19
4.00,94,0.89
5.00,94,1.32
6.00,94,1.26
7.00,94,3.61
8.00,94,0.48
9.00,94,2.27
10.00,94,2.64
11.00,94,2.00
1.00,95,0.36
2.00,95,0.43
3.00,95,0.54
4.00,95,0.12
5.00,95,0.17
6.00,95,0.78
7.00,95,0.78
8.00,95,3.17
9.00,95,6.47
10.00,95,1.82
11.00,95,1.46
1.00,96,0.36
2.00,96,0.56
3.00,96,0.69
4.00,96,1.53
5.00,96,1.87
6.00,96,3.02
7.00,96,1.14
8.00,96,1.39
9.00,96,3.64
10.00,96,1.09
11.00,96,0.98
1.00,97,0.36
2.00,97,0.22
3.00,97,1.31
4.00,97,0.48
5.00,97,0.23
6.00,97,1.26
7.00,97,0.49
8.00,97,1.19
9.00,97,0.99
10.00,97,2.22
11.00,97,2.94
1.00,98,0.36
2.00,98,0.29
3.00,98,0.20
4.00,98,1.58
5.00,98,1.27
6.00,98,1.32
7.00,98,1.38
8.00,98,1.33
9.00,98,1.00
10.00,98,1.89
11.00,98,3.49
1.00,99,0.36
2.00,99,0.30
3.00,99,0.74
4.00,99,0.81
5.00,99,2.26
6.00,99,2.13
7.00,99,1.26
8.00,99,1.26
9.00,99,1.77
10.00,99,0.67
11.00,99,1.14
1.00,100,0.36
2.00,100,0.33
3.00,100,0.57
4.00,100,1.35
5.00,100,1.86
6.00,100,0.69
7.00,100,0.87
8.00,100,0.86 
9.00,100,3.61
10.00,100,1.04
11.00,100,1.39
	
