
1.00,1,0.00
2.00,1,0.12
3.00,1,0.23
4.00,1,0.78
5.00,1,0.55
6.00,1,0.75
7.00,1,1.05
8.00,1,0.34
9.00,1,0.53
10.00,1,2.04
11.00,1,0.92
1.00,2,0.00
2.00,2,0.03
3.00,2,0.05
4.00,2,0.34
5.00,2,0.61
6.00,2,1.10
7.00,2,0.37
8.00,2,0.16
9.00,2,1.42
10.00,2,1.47
11.00,2,0.83
1.00,3,0.00
2.00,3,0.05
3.00,3,0.09
4.00,3,0.06
5.00,3,0.20
6.00,3,0.44
7.00,3,0.60
8.00,3,1.07
9.00,3,0.21
10.00,3,1.19
11.00,3,1.05
1.00,4,0.00
2.00,4,0.11
3.00,4,0.22
4.00,4,0.17
5.00,4,0.85
6.00,4,0.21
7.00,4,0.84
8.00,4,1.07
9.00,4,0.60
10.00,4,2.47
11.00,4,2.01
1.00,5,0.00
2.00,5,0.07
3.00,5,0.07
4.00,5,0.53
5.00,5,0.09
6.00,5,0.56
7.00,5,0.25
8.00,5,0.39
9.00,5,1.03
10.00,5,0.81
11.00,5,0.53
1.00,6,0.00
2.00,6,0.10
3.00,6,0.50
4.00,6,0.15
5.00,6,0.21
6.00,6,0.22
7.00,6,0.26
8.00,6,0.45
9.00,6,0.91
10.00,6,0.39
11.00,6,0.54
1.00,7,0.00
2.00,7,0.20
3.00,7,0.08
4.00,7,0.15
5.00,7,0.20
6.00,7,0.61
7.00,7,0.46
8.00,7,0.81
9.00,7,0.81
10.00,7,0.98
11.00,7,0.56
1.00,8,0.00
2.00,8,0.07
3.00,8,0.28
4.00,8,0.15
5.00,8,0.34
6.00,8,0.27
7.00,8,0.08
8.00,8,0.17
9.00,8,1.36
10.00,8,1.09
11.00,8,1.43
1.00,9,0.00
2.00,9,0.07
3.00,9,0.05
4.00,9,0.33
5.00,9,0.45
6.00,9,0.34
7.00,9,1.07
8.00,9,0.23
9.00,9,0.80
10.00,9,0.32
11.00,9,0.67
1.00,10,0.00
2.00,10,0.09
3.00,10,0.15
4.00,10,0.04
5.00,10,0.85
6.00,10,0.19
7.00,10,0.85
8.00,10,0.62
9.00,10,0.97
10.00,10,0.43
11.00,10,1.17
1.00,11,0.00
2.00,11,0.06
3.00,11,0.15
4.00,11,0.18
5.00,11,0.77
6.00,11,0.32
7.00,11,0.29
8.00,11,1.90
9.00,11,0.55
10.00,11,0.22
11.00,11,2.35
1.00,12,0.00
2.00,12,0.12
3.00,12,0.24
4.00,12,0.29
5.00,12,0.25
6.00,12,0.43
7.00,12,0.09
8.00,12,0.17
9.00,12,1.35
10.00,12,0.21
11.00,12,0.93
1.00,13,0.00
2.00,13,0.08
3.00,13,0.13
4.00,13,0.09
5.00,13,0.47
6.00,13,0.28
7.00,13,1.65
8.00,13,1.16
9.00,13,0.48
10.00,13,1.14
11.00,13,0.24
1.00,14,0.00
2.00,14,0.05
3.00,14,0.14
4.00,14,0.43
5.00,14,0.18
6.00,14,0.24
7.00,14,0.75
8.00,14,0.42
9.00,14,0.62
10.00,14,1.08
11.00,14,2.45
1.00,15,0.00
2.00,15,0.06
3.00,15,0.01
4.00,15,0.06
5.00,15,0.99
6.00,15,0.43
7.00,15,0.55
8.00,15,0.49
9.00,15,1.98
10.00,15,1.67
11.00,15,0.97
1.00,16,0.00
2.00,16,0.19
3.00,16,0.09
4.00,16,0.20
5.00,16,0.76
6.00,16,0.47
7.00,16,0.68
8.00,16,0.15
9.00,16,0.48
10.00,16,1.16
11.00,16,0.25
1.00,17,0.00
2.00,17,0.05
3.00,17,0.47
4.00,17,0.19
5.00,17,0.17
6.00,17,0.27
7.00,17,0.54
8.00,17,0.73
9.00,17,0.79
10.00,17,2.03
11.00,17,2.44
1.00,18,0.00
2.00,18,0.10
3.00,18,0.23
4.00,18,0.41
5.00,18,0.83
6.00,18,0.45
7.00,18,0.77
8.00,18,0.96
9.00,18,0.55
10.00,18,1.66
11.00,18,0.61
1.00,19,0.00
2.00,19,0.16
3.00,19,0.16
4.00,19,0.19
5.00,19,0.18
6.00,19,0.14
7.00,19,0.51
8.00,19,1.45
9.00,19,1.04
10.00,19,0.98
11.00,19,1.95
1.00,20,0.00
2.00,20,0.23
3.00,20,0.03
4.00,20,0.59
5.00,20,0.22
6.00,20,0.59
7.00,20,0.60
8.00,20,1.41
9.00,20,0.81
10.00,20,0.41
11.00,20,1.67
1.00,21,0.00
2.00,21,0.12
3.00,21,0.40
4.00,21,0.59
5.00,21,0.17
6.00,21,0.28
7.00,21,0.81
8.00,21,0.71
9.00,21,0.32
10.00,21,2.52
11.00,21,0.78
1.00,22,0.00
2.00,22,0.07
3.00,22,0.03
4.00,22,0.31
5.00,22,0.22
6.00,22,0.11
7.00,22,0.49
8.00,22,0.32
9.00,22,0.77
10.00,22,0.94
11.00,22,1.67
1.00,23,0.00
2.00,23,0.09
3.00,23,0.12
4.00,23,0.23
5.00,23,0.32
6.00,23,0.21
7.00,23,0.67
8.00,23,0.71
9.00,23,0.60
10.00,23,0.81
11.00,23,1.72
1.00,24,0.00
2.00,24,0.07
3.00,24,0.07
4.00,24,0.20
5.00,24,0.51
6.00,24,0.55
7.00,24,0.46
8.00,24,1.15
9.00,24,0.85
10.00,24,1.27
11.00,24,1.30
1.00,25,0.00
2.00,25,0.17
3.00,25,0.12
4.00,25,0.14
5.00,25,0.67
6.00,25,0.25
7.00,25,0.10
8.00,25,1.16
9.00,25,1.07
10.00,25,0.59
11.00,25,1.57
1.00,26,0.00
2.00,26,0.18
3.00,26,0.20
4.00,26,0.06
5.00,26,0.62
6.00,26,0.18
7.00,26,0.45
8.00,26,0.84
9.00,26,0.86
10.00,26,0.84
11.00,26,0.74
1.00,27,0.00
2.00,27,0.21
3.00,27,0.38
4.00,27,0.14
5.00,27,0.32
6.00,27,1.09
7.00,27,0.58
8.00,27,0.58
9.00,27,0.94
10.00,27,1.71
11.00,27,1.66
1.00,28,0.00
2.00,28,0.06
3.00,28,0.21
4.00,28,0.36
5.00,28,0.71
6.00,28,0.69
7.00,28,0.15
8.00,28,0.78
9.00,28,0.15
10.00,28,2.02
11.00,28,1.64
1.00,29,0.00
2.00,29,0.07
3.00,29,0.33
4.00,29,0.17
5.00,29,0.05
6.00,29,0.33
7.00,29,0.46
8.00,29,1.07
9.00,29,0.43
10.00,29,0.55
11.00,29,0.98
1.00,30,0.00
2.00,30,0.05
3.00,30,0.11
4.00,30,0.09
5.00,30,0.52
6.00,30,0.80
7.00,30,0.39
8.00,30,0.53
9.00,30,0.46
10.00,30,0.73
11.00,30,0.48
1.00,31,0.00
2.00,31,0.15
3.00,31,0.26
4.00,31,0.20
5.00,31,0.60
6.00,31,0.57
7.00,31,0.77
8.00,31,0.56
9.00,31,0.20
10.00,31,0.54
11.00,31,0.89
1.00,32,0.00
2.00,32,0.11
3.00,32,0.19
4.00,32,0.18
5.00,32,0.40
6.00,32,0.28
7.00,32,0.69
8.00,32,1.03
9.00,32,1.96
10.00,32,1.34
11.00,32,1.11
1.00,33,0.00
2.00,33,0.13
3.00,33,0.26
4.00,33,0.21
5.00,33,0.71
6.00,33,0.39
7.00,33,0.50
8.00,33,1.06
9.00,33,0.53
10.00,33,0.72
11.00,33,0.28
1.00,34,0.00
2.00,34,0.21
3.00,34,0.19
4.00,34,0.22
5.00,34,0.13
6.00,34,0.99
7.00,34,0.44
8.00,34,0.93
9.00,34,0.53
10.00,34,1.02
11.00,34,0.85
1.00,35,0.00
2.00,35,0.22
3.00,35,0.15
4.00,35,0.15
5.00,35,0.52
6.00,35,1.11
7.00,35,0.01
8.00,35,1.13
9.00,35,0.80
10.00,35,2.03
11.00,35,0.88
1.00,36,0.00
2.00,36,0.06
3.00,36,0.48
4.00,36,0.19
5.00,36,0.21
6.00,36,0.23
7.00,36,1.15
8.00,36,0.14
9.00,36,0.60
10.00,36,0.51
11.00,36,0.42
1.00,37,0.00
2.00,37,0.06
3.00,37,0.15
4.00,37,0.27
5.00,37,0.64
6.00,37,0.90
7.00,37,0.69
8.00,37,0.61
9.00,37,0.10
10.00,37,0.80
11.00,37,0.61

1.00,38,0.00
2.00,38,0.12
3.00,38,0.23
4.00,38,0.78
5.00,38,0.55
6.00,38,0.75
7.00,38,1.05
8.00,38,0.34
9.00,38,0.53
10.00,38,2.04
11.00,38,0.92
1.00,39,0.00
2.00,39,0.03
3.00,39,0.05
4.00,39,0.34
5.00,39,0.61
6.00,39,1.10
7.00,39,0.37
8.00,39,0.16
9.00,39,1.42
10.00,39,1.47
11.00,39,0.83
1.00,40,0.00
2.00,40,0.05
3.00,40,0.09
4.00,40,0.06
5.00,40,0.20
6.00,40,0.44
7.00,40,0.60
8.00,40,1.07
9.00,40,0.21
10.00,40,1.19
11.00,40,1.05
1.00,41,0.00
2.00,41,0.11
3.00,41,0.22
4.00,41,0.17
5.00,41,0.85
6.00,41,0.21
7.00,41,0.84
8.00,41,1.07
9.00,41,0.60
10.00,41,2.47
11.00,41,2.01
1.00,42,0.00
2.00,42,0.07
3.00,42,0.07
4.00,42,0.53
5.00,42,0.09
6.00,42,0.56
7.00,42,0.25
8.00,42,0.39
9.00,42,1.03
10.00,42,0.81
11.00,42,0.53
1.00,43,0.00
2.00,43,0.10
3.00,43,0.50
4.00,43,0.15
5.00,43,0.21
6.00,43,0.22
7.00,43,0.26
8.00,43,0.45
9.00,43,0.91
10.00,43,0.39
11.00,43,0.54
1.00,44,0.00
2.00,44,0.20
3.00,44,0.08
4.00,44,0.15
5.00,44,0.20
6.00,44,0.61
7.00,44,0.46
8.00,44,0.81
9.00,44,0.81
10.00,44,0.98
11.00,44,0.56
1.00,45,0.00
2.00,45,0.07
3.00,45,0.28
4.00,45,0.15
5.00,45,0.34
6.00,45,0.27
7.00,45,0.08
8.00,45,0.17
9.00,45,1.36
10.00,45,1.09
11.00,45,1.43
1.00,46,0.00
2.00,46,0.07
3.00,46,0.05
4.00,46,0.33
5.00,46,0.45
6.00,46,0.34
7.00,46,1.07
8.00,46,0.23
9.00,46,0.80
10.00,46,0.32
11.00,46,0.67
1.00,47,0.00
2.00,47,0.09
3.00,47,0.15
4.00,47,0.04
5.00,47,0.85
6.00,47,0.19
7.00,47,0.85
8.00,47,0.62
9.00,47,0.97
10.00,47,0.43
11.00,47,1.17
1.00,48,0.00
2.00,48,0.06
3.00,48,0.15
4.00,48,0.18
5.00,48,0.77
6.00,48,0.32
7.00,48,0.29
8.00,48,1.90
9.00,48,0.55
10.00,48,0.22
11.00,48,2.35
1.00,49,0.00
2.00,49,0.12
3.00,49,0.24
4.00,49,0.29
5.00,49,0.25
6.00,49,0.43
7.00,49,0.09
8.00,49,0.17
9.00,49,1.35
10.00,49,0.21
11.00,49,0.93

1.00,50,0.00
2.00,50,0.12
3.00,50,0.23
4.00,50,0.78
5.00,50,0.55
6.00,50,0.75
7.00,50,1.05
8.00,50,0.34
9.00,50,0.53
10.00,50,2.04
11.00,50,0.92
1.00,51,0.00
2.00,51,0.03
3.00,51,0.05
4.00,51,0.34
5.00,51,0.61
6.00,51,1.10
7.00,51,0.37
8.00,51,0.16
9.00,51,1.42
10.00,51,1.47
11.00,51,0.83
1.00,52,0.00
2.00,52,0.05
3.00,52,0.09
4.00,52,0.06
5.00,52,0.20
6.00,52,0.44
7.00,52,0.60
8.00,52,1.07
9.00,52,0.21
10.00,52,1.19
11.00,52,1.05
1.00,53,0.00
2.00,53,0.11
3.00,53,0.22
4.00,53,0.17
5.00,53,0.85
6.00,53,0.21
7.00,53,0.84
8.00,53,1.07
9.00,53,0.60
10.00,53,2.47
11.00,53,2.01
1.00,54,0.00
2.00,54,0.07
3.00,54,0.07
4.00,54,0.53
5.00,54,0.09
6.00,54,0.56
7.00,54,0.25
8.00,54,0.39
9.00,54,1.03
10.00,54,0.81
11.00,54,0.53
1.00,55,0.00
2.00,55,0.10
3.00,55,0.50
4.00,55,0.15
5.00,55,0.21
6.00,55,0.22
7.00,55,0.26
8.00,55,0.45
9.00,55,0.91
10.00,55,0.39
11.00,55,0.54
1.00,56,0.00
2.00,56,0.20
3.00,56,0.08
4.00,56,0.15
5.00,56,0.20
6.00,56,0.61
7.00,56,0.46
8.00,56,0.81
9.00,56,0.81
10.00,56,0.98
11.00,56,0.56
1.00,57,0.00
2.00,57,0.07
3.00,57,0.28
4.00,57,0.15
5.00,57,0.34
6.00,57,0.27
7.00,57,0.08
8.00,57,0.17
9.00,57,1.36
10.00,57,1.09
11.00,57,1.43
1.00,58,0.00
2.00,58,0.07
3.00,58,0.05
4.00,58,0.33
5.00,58,0.45
6.00,58,0.34
7.00,58,1.07
8.00,58,0.23
9.00,58,0.80
10.00,58,0.32
11.00,58,0.67
1.00,59,0.00
2.00,59,0.09
3.00,59,0.15
4.00,59,0.04
5.00,59,0.85
6.00,59,0.19
7.00,59,0.85
8.00,59,0.62
9.00,59,0.97
10.00,59,0.43
11.00,59,1.17
1.00,60,0.00
2.00,60,0.06
3.00,60,0.15
4.00,60,0.18
5.00,60,0.77
6.00,60,0.32
7.00,60,0.29
8.00,60,1.90
9.00,60,0.55
10.00,60,0.22
11.00,60,2.35
1.00,61,0.00
2.00,61,0.12
3.00,61,0.24
4.00,61,0.29
5.00,61,0.25
6.00,61,0.43
7.00,61,0.09
8.00,61,0.17
9.00,61,1.35
10.00,61,0.21
11.00,61,0.93
1.00,62,0.00
2.00,62,0.08
3.00,62,0.13
4.00,62,0.09
5.00,62,0.47
6.00,62,0.28
7.00,62,1.65
8.00,62,1.16
9.00,62,0.48
10.00,62,1.14
11.00,62,0.24
1.00,63,0.00
2.00,63,0.05
3.00,63,0.14
4.00,63,0.43
5.00,63,0.18
6.00,63,0.24
7.00,63,0.75
8.00,63,0.42
9.00,63,0.62
10.00,63,1.08
11.00,63,2.45
1.00,64,0.00
2.00,64,0.06
3.00,64,0.01
4.00,64,0.06
5.00,64,0.99
6.00,64,0.43
7.00,64,0.55
8.00,64,0.49
9.00,64,1.98
10.00,64,1.67
11.00,64,0.97
1.00,65,0.00
2.00,65,0.19
3.00,65,0.09
4.00,65,0.20
5.00,65,0.76
6.00,65,0.47
7.00,65,0.68
8.00,65,0.15
9.00,65,0.48
10.00,65,1.16
11.00,65,0.25
1.00,66,0.00
2.00,66,0.05
3.00,66,0.47
4.00,66,0.19
5.00,66,0.17
6.00,66,0.27
7.00,66,0.54
8.00,66,0.73
9.00,66,0.79
10.00,66,2.03
11.00,66,2.44
1.00,67,0.00
2.00,67,0.12
3.00,67,0.23
4.00,67,0.78
5.00,67,0.55
6.00,67,0.75
7.00,67,1.05
8.00,67,0.34
9.00,67,0.53
10.00,67,2.04
11.00,67,0.92
1.00,68,0.00
2.00,68,0.03
3.00,68,0.05
4.00,68,0.34
5.00,68,0.61
6.00,68,1.10
7.00,68,0.37
8.00,68,0.16
9.00,68,1.42
10.00,68,1.47
11.00,68,0.83
1.00,69,0.00
2.00,69,0.05
3.00,69,0.09
4.00,69,0.06
5.00,69,0.20
6.00,69,0.44
7.00,69,0.60
8.00,69,1.07
9.00,69,0.21
10.00,69,1.19
11.00,69,1.05
1.00,70,0.00
2.00,70,0.11
3.00,70,0.22
4.00,70,0.17
5.00,70,0.85
6.00,70,0.21
7.00,70,0.84
8.00,70,1.07
9.00,70,0.60
10.00,70,2.47
11.00,70,2.01
1.00,71,0.00
2.00,71,0.07
3.00,71,0.07
4.00,71,0.53
5.00,71,0.09
6.00,71,0.56
7.00,71,0.25
8.00,71,0.39
9.00,71,1.03
10.00,71,0.81
11.00,71,0.53
1.00,72,0.00
2.00,72,0.10
3.00,72,0.50
4.00,72,0.15
5.00,72,0.21
6.00,72,0.22
7.00,72,0.26
8.00,72,0.45
9.00,72,0.91
10.00,72,0.39
11.00,72,0.54
1.00,73,0.00
2.00,73,0.20
3.00,73,0.08
4.00,73,0.15
5.00,73,0.20
6.00,73,0.61
7.00,73,0.46
8.00,73,0.81
9.00,73,0.81
10.00,73,0.98
11.00,73,0.56
1.00,74,0.00
2.00,74,0.07
3.00,74,0.28
4.00,74,0.15
5.00,74,0.34
6.00,74,0.27
7.00,74,0.08
8.00,74,0.17
9.00,74,1.36
10.00,74,1.09
11.00,74,1.43
1.00,75,0.00
2.00,75,0.07
3.00,75,0.05
4.00,75,0.33
5.00,75,0.45
6.00,75,0.34
7.00,75,1.07
8.00,75,0.23
9.00,75,0.80
10.00,75,0.32
11.00,75,0.67
1.00,76,0.00
2.00,76,0.09
3.00,76,0.15
4.00,76,0.04
5.00,76,0.85
6.00,76,0.19
7.00,76,0.85
8.00,76,0.62
9.00,76,0.97
10.00,76,0.43
11.00,76,1.17
1.00,77,0.00
2.00,77,0.06
3.00,77,0.15
4.00,77,0.18
5.00,77,0.77
6.00,77,0.32
7.00,77,0.29
8.00,77,1.90
9.00,77,0.55
10.00,77,0.22
11.00,77,2.35
1.00,78,0.00
2.00,78,0.12
3.00,78,0.24
4.00,78,0.29
5.00,78,0.25
6.00,78,0.43
7.00,78,0.09
8.00,78,0.17
9.00,78,1.35
10.00,78,0.21
11.00,78,0.93
1.00,79,0.00
2.00,79,0.08
3.00,79,0.13
4.00,79,0.09
5.00,79,0.47
6.00,79,0.28
7.00,79,1.65
8.00,79,1.16
9.00,79,0.48
10.00,79,1.14
11.00,79,0.24
1.00,80,0.00
2.00,80,0.05
3.00,80,0.14
4.00,80,0.43
5.00,80,0.18
6.00,80,0.24
7.00,80,0.75
8.00,80,0.42
9.00,80,0.62
10.00,80,1.08
11.00,80,2.45
1.00,81,0.00
2.00,81,0.06
3.00,81,0.01
4.00,81,0.06
5.00,81,0.99
6.00,81,0.43
7.00,81,0.55
8.00,81,0.49
9.00,81,1.98
10.00,81,1.67
11.00,81,0.97
1.00,82,0.00
2.00,82,0.19
3.00,82,0.09
4.00,82,0.20
5.00,82,0.76
6.00,82,0.47
7.00,82,0.68
8.00,82,0.15
9.00,82,0.48
10.00,82,1.16
11.00,82,0.25
1.00,83,0.00
2.00,83,0.05
3.00,83,0.47
4.00,83,0.19
5.00,83,0.17
6.00,83,0.27
7.00,83,0.54
8.00,83,0.73
9.00,83,0.79
10.00,83,2.03
11.00,83,2.44
1.00,84,0.00
2.00,84,0.10
3.00,84,0.23
4.00,84,0.41
5.00,84,0.83
6.00,84,0.45
7.00,84,0.77
8.00,84,0.96
9.00,84,0.55
10.00,84,1.66
11.00,84,0.61
1.00,85,0.00
2.00,85,0.16
3.00,85,0.16
4.00,85,0.19
5.00,85,0.18
6.00,85,0.14
7.00,85,0.51
8.00,85,1.45
9.00,85,1.04
10.00,85,0.98
11.00,85,1.95
1.00,86,0.00
2.00,86,0.23
3.00,86,0.03
4.00,86,0.59
5.00,86,0.22
6.00,86,0.59
7.00,86,0.60
8.00,86,1.41
9.00,86,0.81
10.00,86,0.41
11.00,86,1.67
1.00,87,0.00
2.00,87,0.12
3.00,87,0.40
4.00,87,0.59
5.00,87,0.17
6.00,87,0.28
7.00,87,0.81
8.00,87,0.71
9.00,87,0.32
10.00,87,2.52
11.00,87,0.78
1.00,88,0.00
2.00,88,0.12
3.00,88,0.23
4.00,88,0.78
5.00,88,0.55
6.00,88,0.75
7.00,88,1.05
8.00,88,0.34
9.00,88,0.53
10.00,88,2.04
11.00,88,0.92
1.00,89,0.00
2.00,89,0.03
3.00,89,0.05
4.00,89,0.34
5.00,89,0.61
6.00,89,1.10
7.00,89,0.37
8.00,89,0.16
1.00,88,0.00
2.00,88,0.07
3.00,88,0.10
4.00,88,0.08
5.00,88,0.42
6.00,88,0.31
7.00,88,0.86
8.00,88,0.64
9.00,88,0.70
10.00,88,0.89
11.00,88,1.04
1.00,89,0.00
2.00,89,0.10
3.00,89,0.31
4.00,89,0.35
5.00,89,0.53
6.00,89,0.13
7.00,89,0.52
8.00,89,1.03
9.00,89,0.39
10.00,89,0.70
11.00,89,0.59
1.00,90,0.00
2.00,90,0.09
3.00,90,0.17
4.00,90,0.13
5.00,90,0.30
6.00,90,0.71
7.00,90,0.39
8.00,90,1.01
9.00,90,0.87
10.00,90,0.85
11.00,90,1.33
1.00,91,0.00
2.00,91,0.17
3.00,91,0.23
4.00,91,0.19
5.00,91,0.14
6.00,91,0.55
7.00,91,0.41
8.00,91,0.66
9.00,91,0.10
10.00,91,0.34
11.00,91,2.02
1.00,92,0.00
2.00,92,0.11
3.00,92,0.39
4.00,92,0.18
5.00,92,0.37
6.00,92,0.58
7.00,92,0.45
8.00,92,1.02
9.00,92,0.61
10.00,92,0.71
11.00,92,0.39
1.00,93,0.00
2.00,93,0.03
3.00,93,0.14
4.00,93,0.79
5.00,93,0.33
6.00,93,0.58
7.00,93,0.87
8.00,93,1.62
9.00,93,0.71
10.00,93,0.42
11.00,93,1.32
1.00,94,0.00
2.00,94,0.09
3.00,94,0.39
4.00,94,0.29
5.00,94,0.05
6.00,94,0.66
7.00,94,1.36
8.00,94,1.01
9.00,94,0.38
10.00,94,1.05
11.00,94,1.41
1.00,95,0.00
2.00,95,0.08
3.00,95,0.24
4.00,95,0.16
5.00,95,0.32
6.00,95,0.81
7.00,95,0.90
8.00,95,0.42
9.00,95,0.59
10.00,95,1.73
11.00,95,2.02
1.00,96,0.00
2.00,96,0.06
3.00,96,0.13
4.00,96,0.22
5.00,96,0.27
6.00,96,0.45
7.00,96,0.36
8.00,96,0.35
9.00,96,1.52
10.00,96,0.69
11.00,96,1.42
1.00,97,0.00
2.00,97,0.09
3.00,97,0.32
4.00,97,0.36
5.00,97,0.16
6.00,97,0.27
7.00,97,0.49
8.00,97,0.59
9.00,97,0.69
10.00,97,1.45
11.00,97,0.72
1.00,98,0.00
2.00,98,0.10
3.00,98,0.11
4.00,98,0.35
5.00,98,0.74
6.00,98,0.39
7.00,98,0.22
8.00,98,0.90
9.00,98,1.17
10.00,98,1.25
11.00,98,1.33
1.00,99,0.00
2.00,99,0.05
3.00,99,0.16
4.00,99,0.41
5.00,99,0.75
6.00,99,0.94
7.00,99,0.99
8.00,99,0.12
9.00,99,0.16
10.00,99,2.09
11.00,99,0.70
1.00,100,0.00
2.00,100,0.08
3.00,100,0.26
4.00,100,0.18
5.00,100,0.71
6.00,100,0.19
7.00,100,0.35
8.00,100,0.48
9.00,100,0.35
10.00,100,1.34
11.00,100,1.52