1.00,1,0.00
2.00,1,0.05
3.00,1,0.40
4.00,1,0.98
5.00,1,1.00
6.00,1,1.85
7.00,1,0.68
8.00,1,1.15
9.00,1,2.25
10.00,1,6.19
11.00,1,7.67
1.00,2,0.00
2.00,2,0.26
3.00,2,0.35
4.00,2,0.18
5.00,2,0.79
6.00,2,2.06
7.00,2,0.69
8.00,2,1.40
9.00,2,1.15
10.00,2,1.13
11.00,2,5.31
1.00,3,0.00
2.00,3,0.16
3.00,3,0.65
4.00,3,0.31
5.00,3,0.76
6.00,3,3.09
7.00,3,1.25
8.00,3,1.46
9.00,3,2.72
10.00,3,2.84
11.00,3,3.17
1.00,4,0.00
2.00,4,0.27
3.00,4,0.20
4.00,4,0.45
5.00,4,2.15
6.00,4,1.40
7.00,4,0.77
8.00,4,1.92
9.00,4,2.64
10.00,4,1.17
11.00,4,1.16
1.00,5,0.00
2.00,5,0.31
3.00,5,0.57
4.00,5,0.76
5.00,5,0.84
6.00,5,2.86
7.00,5,0.44
8.00,5,1.10
9.00,5,1.02
10.00,5,2.22
11.00,5,0.96
1.00,6,0.00
2.00,6,0.14
3.00,6,0.29
4.00,6,0.74
5.00,6,0.37
6.00,6,2.27
7.00,6,1.48
8.00,6,3.75
9.00,6,0.59
10.00,6,4.04
11.00,6,2.45
1.00,7,0.00
2.00,7,0.24
3.00,7,0.40
4.00,7,0.43
5.00,7,1.53
6.00,7,0.46
7.00,7,2.40
8.00,7,2.16
9.00,7,0.83
10.00,7,4.63
11.00,7,5.92
1.00,8,0.00
2.00,8,0.12
3.00,8,0.42
4.00,8,0.63
5.00,8,1.95
6.00,8,1.34
7.00,8,0.40
8.00,8,0.50
9.00,8,4.21
10.00,8,2.48
11.00,8,5.58
1.00,9,0.00
2.00,9,0.08
3.00,9,0.55
4.00,9,0.38
5.00,9,1.40
6.00,9,2.96
7.00,9,1.70
8.00,9,4.28
9.00,9,2.85
10.00,9,0.21
11.00,9,3.54
1.00,10,0.00
2.00,10,0.42
3.00,10,0.81
4.00,10,1.28
5.00,10,1.74
6.00,10,1.20
7.00,10,2.08
8.00,10,1.02
9.00,10,5.37
10.00,10,2.47
11.00,10,5.28
1.00,11,0.00
2.00,11,0.52
3.00,11,0.08
4.00,11,1.86
5.00,11,0.54
6.00,11,2.05
7.00,11,1.22
8.00,11,2.46
9.00,11,1.00
10.00,11,3.95
11.00,11,0.94
1.00,12,0.00
2.00,12,0.40
3.00,12,0.48
4.00,12,0.24
5.00,12,0.43
6.00,12,2.40
7.00,12,0.91
8.00,12,3.48
9.00,12,0.98
10.00,12,2.35
11.00,12,0.80
1.00,13,0.00
2.00,13,0.36
3.00,13,0.38
4.00,13,0.43
5.00,13,0.95
6.00,13,1.76
7.00,13,2.19
8.00,13,1.45
9.00,13,5.95
10.00,13,2.86
11.00,13,1.31
1.00,14,0.00
2.00,14,0.36
3.00,14,0.61
4.00,14,0.50
5.00,14,2.43
6.00,14,1.81
7.00,14,0.81
8.00,14,1.44
9.00,14,5.46
10.00,14,1.20
11.00,14,5.82
1.00,15,0.00
2.00,15,0.21
3.00,15,0.72
4.00,15,0.33
5.00,15,0.55
6.00,15,1.35
7.00,15,3.02
8.00,15,4.52
9.00,15,3.50
10.00,15,2.24
11.00,15,0.85
1.00,16,0.00
2.00,16,0.57
3.00,16,0.87
4.00,16,2.15
5.00,16,1.27
6.00,16,3.64
7.00,16,0.38
8.00,16,0.68
9.00,16,2.86
10.00,16,7.63
11.00,16,1.06
1.00,17,0.00
2.00,17,0.31
3.00,17,0.91
4.00,17,1.50
5.00,17,0.37
6.00,17,2.94
7.00,17,1.04
8.00,17,1.85
9.00,17,3.12
10.00,17,2.14
11.00,17,4.01
1.00,18,0.00
2.00,18,0.24
3.00,18,0.35
4.00,18,1.99
5.00,18,1.43
6.00,18,3.17
7.00,18,2.60
8.00,18,3.08
9.00,18,0.37
10.00,18,1.94
11.00,18,4.16
1.00,19,0.00
2.00,19,0.52
3.00,19,0.35
4.00,19,1.18
5.00,19,2.54
6.00,19,2.83
7.00,19,1.95
8.00,19,1.31
9.00,19,1.10
10.00,19,1.73
11.00,19,5.44
1.00,20,0.00
2.00,20,0.13
3.00,20,0.44
4.00,20,0.81
5.00,20,1.51
6.00,20,1.92
7.00,20,2.01
8.00,20,0.94
9.00,20,0.71
10.00,20,2.17
11.00,20,3.19
	
1.00,21,0.00
2.00,21,0.18
3.00,21,0.38
4.00,21,0.58
5.00,21,0.42
6.00,21,1.88
7.00,21,1.10
8.00,21,1.01
9.00,21,5.02
10.00,21,1.30
11.00,21,5.85
1.00,22,0.00
2.00,22,0.49
3.00,22,0.46
4.00,22,0.19
5.00,22,1.12
6.00,22,2.74
7.00,22,2.41
8.00,22,1.79
9.00,22,4.59
10.00,22,3.63
11.00,22,3.79
1.00,23,0.00
2.00,23,0.71
3.00,23,0.60
4.00,23,0.25
5.00,23,0.74
6.00,23,0.39
7.00,23,0.84
8.00,23,2.65
9.00,23,2.20
10.00,23,2.91
11.00,23,3.41
1.00,24,0.00
2.00,24,0.77
3.00,24,0.26
4.00,24,1.03
5.00,24,2.12
6.00,24,2.99
7.00,24,1.77
8.00,24,3.56
9.00,24,0.70
10.00,24,2.35
11.00,24,4.05
1.00,25,0.00
2.00,25,0.17
3.00,25,0.95
4.00,25,1.61
5.00,25,1.61
6.00,25,4.28
7.00,25,2.54
8.00,25,2.34
9.00,25,1.68
10.00,25,6.57
11.00,25,3.52
1.00,26,0.00
2.00,26,0.81
3.00,26,1.49
4.00,26,0.48
5.00,26,0.41
6.00,26,2.90
7.00,26,4.93
8.00,26,0.87
9.00,26,0.64
10.00,26,1.21
11.00,26,2.19
1.00,27,0.00
2.00,27,0.16
3.00,27,0.65
4.00,27,1.43
5.00,27,0.48
6.00,27,0.96
7.00,27,1.97
8.00,27,1.61
9.00,27,4.65
10.00,27,0.32
11.00,27,2.20
1.00,28,0.00
2.00,28,0.07
3.00,28,0.18
4.00,28,0.33
5.00,28,2.25
6.00,28,0.74
7.00,28,0.86
8.00,28,0.61
9.00,28,1.07
10.00,28,1.57
11.00,28,4.39
1.00,29,0.00
2.00,29,0.10
3.00,29,1.48
4.00,29,1.30
5.00,29,0.21
6.00,29,0.76
7.00,29,1.21
8.00,29,1.21
9.00,29,3.38
10.00,29,3.40
11.00,29,0.91
1.00,30,0.00
2.00,30,0.25
3.00,30,1.27
4.00,30,0.64
5.00,30,0.76
6.00,30,0.44
7.00,30,0.48
8.00,30,5.80
9.00,30,4.27
10.00,30,3.67
11.00,30,1.55
1.00,31,0.00
2.00,31,0.07
3.00,31,0.91
4.00,31,1.11
5.00,31,2.65
6.00,31,0.17
7.00,31,1.40
8.00,31,4.27
9.00,31,3.59
10.00,31,1.78
11.00,31,1.13
1.00,32,0.00
2.00,32,0.34
3.00,32,0.71
4.00,32,2.40
5.00,32,2.78
6.00,32,1.87
7.00,32,1.23
8.00,32,1.44
9.00,32,0.79
10.00,32,0.91
11.00,32,3.22
1.00,33,0.00
2.00,33,0.15
3.00,33,0.24
4.00,33,0.76
5.00,33,0.52
6.00,33,2.48
7.00,33,0.77
8.00,33,4.38
9.00,33,0.62
10.00,33,2.11
11.00,33,3.95
1.00,34,0.00
2.00,34,0.20
3.00,34,0.64
4.00,34,0.30
5.00,34,1.14
6.00,34,1.14
7.00,34,0.92
8.00,34,2.91
9.00,34,5.27
10.00,34,1.28
11.00,34,2.60
1.00,35,0.00
2.00,35,0.47
3.00,35,1.14
4.00,35,0.90
5.00,35,0.20
6.00,35,0.29
7.00,35,0.58
8.00,35,4.51
9.00,35,1.38
10.00,35,6.52
11.00,35,4.50
1.00,36,0.00
2.00,36,0.36
3.00,36,0.46
4.00,36,0.77
5.00,36,1.58
6.00,36,1.19
7.00,36,0.80
8.00,36,0.17
9.00,36,0.47
10.00,36,1.35
11.00,36,4.24
1.00,37,0.00
2.00,37,0.47
3.00,37,0.42
4.00,37,1.57
5.00,37,0.89
6.00,37,1.20
7.00,37,1.89
8.00,37,1.81
9.00,37,2.58
10.00,37,1.45
11.00,37,2.00
1.00,38,0.00
2.00,38,0.16
3.00,38,1.02
4.00,38,0.57
5.00,38,0.82
6.00,38,0.69
7.00,38,1.31
8.00,38,2.18
9.00,38,3.32
10.00,38,1.39
11.00,38,3.44
1.00,39,0.00
2.00,39,0.12
3.00,39,1.09
4.00,39,0.45
5.00,39,0.68
6.00,39,1.39
7.00,39,1.44
8.00,39,0.71
9.00,39,4.18
10.00,39,2.08
11.00,39,5.90
1.00,40,0.00
2.00,40,0.49
3.00,40,0.13
4.00,40,0.72
5.00,40,0.64
6.00,40,2.83
7.00,40,1.05
8.00,40,3.62
9.00,40,3.25
10.00,40,2.25
11.00,40,2.16
1.00,41,0.00
2.00,41,0.12
3.00,41,0.97
4.00,41,0.30
5.00,41,0.69
6.00,41,2.08
7.00,41,2.94
8.00,41,3.30
9.00,41,1.24
10.00,41,2.97
11.00,41,0.55
1.00,42,0.00
2.00,42,0.48
3.00,42,0.29
4.00,42,0.30
5.00,42,1.17
6.00,42,1.24
7.00,42,3.85
8.00,42,1.66
9.00,42,0.82
10.00,42,6.42
11.00,42,3.37
1.00,43,0.00
2.00,43,0.18
3.00,43,0.26
4.00,43,0.32
5.00,43,1.03
6.00,43,2.22
7.00,43,3.98
8.00,43,3.08
9.00,43,2.48
10.00,43,3.31
11.00,43,1.28
1.00,44,0.00
2.00,44,0.73
3.00,44,1.22
4.00,44,0.65
5.00,44,0.23
6.00,44,0.94
7.00,44,2.48
8.00,44,2.68
9.00,44,3.99
10.00,44,4.03
11.00,44,6.81
1.00,45,0.00
2.00,45,0.12
3.00,45,0.65
4.00,45,0.44
5.00,45,0.52
6.00,45,1.26
7.00,45,0.41
8.00,45,2.18
9.00,45,1.18
10.00,45,2.23
11.00,45,5.02
1.00,46,0.00
2.00,46,0.25
3.00,46,0.57
4.00,46,2.19
5.00,46,2.67
6.00,46,0.29
7.00,46,1.52
8.00,46,2.50
9.00,46,3.26
10.00,46,1.18
11.00,46,5.21
1.00,47,0.00
2.00,47,0.25
3.00,47,0.45
4.00,47,1.66
5.00,47,1.54
6.00,47,1.18
7.00,47,1.56
8.00,47,6.09
9.00,47,2.57
10.00,47,1.04
11.00,47,6.49
1.00,48,0.00
2.00,48,0.15
3.00,48,0.27
4.00,48,1.12
5.00,48,0.16
6.00,48,1.17
7.00,48,1.29
8.00,48,3.16
9.00,48,1.23
10.00,48,5.04
11.00,48,6.19
1.00,49,0.00
2.00,49,0.92
3.00,49,0.37
4.00,49,0.50
5.00,49,0.87
6.00,49,0.93
7.00,49,0.85
8.00,49,0.83
9.00,49,1.09
10.00,49,1.70
11.00,49,4.75
1.00,50,0.00
2.00,50,0.40
3.00,50,0.87
4.00,50,0.60
5.00,50,0.69
6.00,50,1.92
7.00,50,0.53
8.00,50,4.97
9.00,50,2.37
10.00,50,1.34
11.00,50,1.27
1.00,51,0.00
2.00,51,0.06
3.00,51,0.99
4.00,51,2.42
5.00,51,0.44
6.00,51,1.50
7.00,51,2.32
8.00,51,2.04
9.00,51,1.90
10.00,51,2.80
11.00,51,4.93
1.00,52,0.00
2.00,52,0.25
3.00,52,1.46
4.00,52,0.51
5.00,52,2.74
6.00,52,0.89
7.00,52,0.49
8.00,52,2.64
9.00,52,1.39
10.00,52,1.15
11.00,52,2.85
1.00,53,0.00
2.00,53,0.28
3.00,53,0.67
4.00,53,0.33
5.00,53,0.34
6.00,53,1.48
7.00,53,4.31
8.00,53,0.62
9.00,53,3.23
10.00,53,2.12
11.00,53,1.49
1.00,54,0.00
2.00,54,0.12
3.00,54,0.27
4.00,54,1.19
5.00,54,2.32
6.00,54,0.81
7.00,54,0.30
8.00,54,1.12
9.00,54,1.42
10.00,54,0.76
11.00,54,1.30
1.00,55,0.00
2.00,55,0.49
3.00,55,0.82
4.00,55,1.64
5.00,55,0.26
6.00,55,2.20
7.00,55,2.70
8.00,55,0.67
9.00,55,4.18
10.00,55,2.56
11.00,55,0.62
1.00,56,0.00
2.00,56,0.20
3.00,56,0.93
4.00,56,1.42
5.00,56,0.13
6.00,56,1.35
7.00,56,0.84
8.00,56,1.88
9.00,56,1.65
10.00,56,2.20
11.00,56,2.24
1.00,57,0.00
2.00,57,0.11
3.00,57,0.60
4.00,57,0.42
5.00,57,1.35
6.00,57,0.34
7.00,57,4.19
8.00,57,0.93
9.00,57,3.45
10.00,57,3.05
11.00,57,2.82
1.00,58,0.00
2.00,58,0.26
3.00,58,0.51
4.00,58,1.50
5.00,58,1.42
6.00,58,1.03
7.00,58,2.12
8.00,58,0.76
9.00,58,0.65
10.00,58,3.97
11.00,58,5.65
1.00,59,0.00
2.00,59,0.30
3.00,59,1.36
4.00,59,2.06
5.00,59,2.84
6.00,59,1.58
7.00,59,1.77
8.00,59,2.15
9.00,59,2.38
10.00,59,1.89
11.00,59,1.77
1.00,60,0.00
2.00,60,0.48
3.00,60,0.51
4.00,60,0.49
5.00,60,0.41
6.00,60,0.70
7.00,60,2.49
8.00,60,2.52
9.00,60,0.48
10.00,60,5.92
11.00,60,1.08
1.00,61,0.00
2.00,61,0.28
3.00,61,0.20
4.00,61,0.75
5.00,61,1.96
6.00,61,0.79
7.00,61,2.66
8.00,61,0.34
9.00,61,0.97
10.00,61,2.12
11.00,61,1.28
1.00,62,0.00
2.00,62,0.19
3.00,62,0.63
4.00,62,0.28
5.00,62,0.37
6.00,62,0.95
7.00,62,1.46
8.00,62,1.73
9.00,62,0.92
10.00,62,3.94
11.00,62,1.50
1.00,63,0.00
2.00,63,0.59
3.00,63,0.80
4.00,63,0.54
5.00,63,1.87
6.00,63,3.25
7.00,63,0.96
8.00,63,1.56
9.00,63,0.50
10.00,63,0.60
11.00,63,2.53
1.00,64,0.00
2.00,64,0.29
3.00,64,0.07
4.00,64,1.67
5.00,64,2.83
6.00,64,1.12
7.00,64,0.36
8.00,64,2.00
9.00,64,1.21
10.00,64,2.28
11.00,64,5.20
1.00,65,0.00
2.00,65,0.27
3.00,65,0.40
4.00,65,0.30
5.00,65,0.28
6.00,65,2.83
7.00,65,3.94
8.00,65,0.46
9.00,65,1.64
10.00,65,3.34
11.00,65,2.91
1.00,66,0.00
2.00,66,0.35
3.00,66,0.30
4.00,66,0.61
5.00,66,0.88
6.00,66,1.06
7.00,66,1.57
8.00,66,0.78
9.00,66,3.63
10.00,66,4.28
11.00,66,2.83
1.00,67,0.00
2.00,67,0.18
3.00,67,0.18
4.00,67,1.58
5.00,67,3.15
6.00,67,1.79
7.00,67,0.98
8.00,67,1.75
9.00,67,5.11
10.00,67,3.84
11.00,67,2.55
1.00,68,0.00
2.00,68,0.18
3.00,68,0.67
4.00,68,0.39
5.00,68,1.01
6.00,68,2.19
7.00,68,3.70
8.00,68,0.78
9.00,68,0.37
10.00,68,1.96
11.00,68,2.60
1.00,69,0.00
2.00,69,0.52
3.00,69,0.41
4.00,69,0.51
5.00,69,2.46
6.00,69,1.90
7.00,69,1.52
8.00,69,4.61
9.00,69,0.96
10.00,69,0.92
11.00,69,1.93
1.00,70,0.00
2.00,70,0.05
3.00,70,0.61
4.00,70,2.00
5.00,70,1.12
6.00,70,1.76
7.00,70,1.44
8.00,70,1.66
9.00,70,1.86
10.00,70,1.83
11.00,70,2.48
1.00,71,0.00
2.00,71,0.26
3.00,71,0.37
4.00,71,0.90
5.00,71,0.35
6.00,71,3.67
7.00,71,1.64
8.00,71,3.26
9.00,71,2.58
10.00,71,2.98
11.00,71,6.11
1.00,72,0.00
2.00,72,0.09
3.00,72,0.45
4.00,72,0.87
5.00,72,1.86
6.00,72,3.00
7.00,72,1.51
8.00,72,0.65
9.00,72,4.35
10.00,72,0.72
11.00,72,10.53
1.00,73,0.00
2.00,73,0.39
3.00,73,1.09
4.00,73,0.28
5.00,73,0.16
6.00,73,1.31
7.00,73,2.95
8.00,73,4.09
9.00,73,2.28
10.00,73,0.97
11.00,73,5.13
1.00,74,0.00
2.00,74,0.42
3.00,74,1.05
4.00,74,0.44
5.00,74,0.57
6.00,74,1.40
7.00,74,1.61
8.00,74,0.60
9.00,74,2.37
10.00,74,1.72
11.00,74,0.55
1.00,75,0.00
2.00,75,0.20
3.00,75,0.69
4.00,75,0.81
5.00,75,1.29
6.00,75,1.10
7.00,75,1.60
8.00,75,3.83
9.00,75,7.15
10.00,75,2.27
11.00,75,2.12
1.00,76,0.00
2.00,76,0.10
3.00,76,0.44
4.00,76,0.64
5.00,76,1.37
6.00,76,1.19
7.00,76,1.49
8.00,76,0.96
9.00,76,0.55
10.00,76,1.62
11.00,76,5.41
1.00,77,0.00
2.00,77,0.04
3.00,77,0.11
4.00,77,0.68
5.00,77,1.12
6.00,77,0.70
7.00,77,5.28
8.00,77,0.65
9.00,77,5.22
10.00,77,1.04
11.00,77,4.03
1.00,78,0.00
2.00,78,0.06
3.00,78,0.50
4.00,78,1.25
5.00,78,2.10
6.00,78,1.48
7.00,78,1.05
8.00,78,1.12
9.00,78,1.18
10.00,78,1.29
11.00,78,1.62
1.00,79,0.00
2.00,79,0.06
3.00,79,0.33
4.00,79,0.49
5.00,79,2.66
6.00,79,2.76
7.00,79,3.39
8.00,79,4.39
9.00,79,2.82
10.00,79,7.52
11.00,79,1.39
1.00,80,0.00
2.00,80,0.50
3.00,80,0.78
4.00,80,0.70
5.00,80,0.42
6.00,80,3.26
7.00,80,2.34
8.00,80,1.78
9.00,80,4.86
10.00,80,0.24
11.00,80,6.59
1.00,81,0.00
2.00,81,0.30
3.00,81,0.93
4.00,81,3.08
5.00,81,1.96
6.00,81,2.02
7.00,81,2.09
8.00,81,0.26
9.00,81,0.71
10.00,81,4.32
11.00,81,4.55
1.00,82,0.00
2.00,82,0.36
3.00,82,0.59
4.00,82,0.68
5.00,82,0.41
6.00,82,0.43
7.00,82,0.83
8.00,82,2.59
9.00,82,0.96
10.00,82,0.80
11.00,82,0.61
1.00,83,0.00
2.00,83,0.41
3.00,83,0.71
4.00,83,0.67
5.00,83,0.49
6.00,83,2.11
7.00,83,1.17
8.00,83,3.40
9.00,83,2.46
10.00,83,4.62
11.00,83,5.58
1.00,84,0.00
2.00,84,0.22
3.00,84,0.38
4.00,84,0.62
5.00,84,1.05
6.00,84,0.80
7.00,84,0.45
8.00,84,4.24
9.00,84,2.65
10.00,84,1.41
11.00,84,2.11
1.00,85,0.00
2.00,85,0.41
3.00,85,0.13
4.00,85,0.35
5.00,85,0.91
6.00,85,2.52
7.00,85,1.01
8.00,85,2.63
9.00,85,2.17
10.00,85,2.55
11.00,85,5.84
1.00,86,0.00
2.00,86,0.15
3.00,86,1.58
4.00,86,0.76
5.00,86,0.34
6.00,86,2.33
7.00,86,5.34
8.00,86,1.04
9.00,86,1.97
10.00,86,4.74
11.00,86,4.77
1.00,87,0.00
2.00,87,0.07
3.00,87,0.17
4.00,87,0.74
5.00,87,0.88
6.00,87,3.14
7.00,87,3.35
8.00,87,0.98
9.00,87,1.79
10.00,87,4.21
11.00,87,1.84
1.00,88,0.00
2.00,88,0.97
3.00,88,0.30
4.00,88,0.39
5.00,88,0.54
6.00,88,5.07
7.00,88,1.25
8.00,88,3.01
9.00,88,0.44
10.00,88,1.16
11.00,88,1.96
1.00,89,0.00
2.00,89,0.30
3.00,89,0.42
4.00,89,1.37
5.00,89,1.35
6.00,89,2.52
7.00,89,2.16
8.00,89,0.74
9.00,89,1.43
10.00,89,1.72
11.00,89,4.03
1.00,90,0.00
2.00,90,0.22
3.00,90,0.52
4.00,90,0.64
5.00,90,1.96
6.00,90,2.94
7.00,90,1.48
8.00,90,1.99
9.00,90,2.87
10.00,90,1.89
11.00,90,1.58
1.00,91,0.00
2.00,91,0.16
3.00,91,0.86
4.00,91,0.77
5.00,91,1.44
6.00,91,3.05
7.00,91,0.74
8.00,91,0.77
9.00,91,7.80
10.00,91,2.52
11.00,91,4.34
1.00,92,0.00
2.00,92,0.18
3.00,92,0.44
4.00,92,1.37
5.00,92,0.49
6.00,92,0.07
7.00,92,2.32
8.00,92,1.91
9.00,92,3.74
10.00,92,3.38
11.00,92,3.66
1.00,93,0.00
2.00,93,0.50
3.00,93,0.11
4.00,93,0.50
5.00,93,2.81
6.00,93,0.35
7.00,93,2.52
8.00,93,3.98
9.00,93,4.69
10.00,93,2.04
11.00,93,2.03
1.00,94,0.00
2.00,94,0.40
3.00,94,0.68
4.00,94,0.36
5.00,94,0.71
6.00,94,2.24
7.00,94,1.77
8.00,94,0.52
9.00,94,1.28
10.00,94,2.23
11.00,94,3.70
1.00,95,0.00
2.00,95,0.42
3.00,95,0.72
4.00,95,0.31
5.00,95,2.02
6.00,95,0.42
7.00,95,0.95
8.00,95,2.78
9.00,95,6.28
10.00,95,2.78
11.00,95,2.83
1.00,96,0.00
2.00,96,0.28
3.00,96,0.66
4.00,96,0.51
5.00,96,0.88
6.00,96,2.12
7.00,96,1.05
8.00,96,2.81
9.00,96,0.70
10.00,96,1.80
11.00,96,0.33
1.00,97,0.00
2.00,97,0.52
3.00,97,0.14
4.00,97,0.67
5.00,97,0.66
6.00,97,1.04
7.00,97,3.65
8.00,97,2.99
9.00,97,3.81
10.00,97,3.22
11.00,97,3.93
1.00,98,0.00
2.00,98,0.05
3.00,98,0.36
4.00,98,2.47
5.00,98,1.29
6.00,98,0.72
7.00,98,2.98
8.00,98,2.75
9.00,98,5.65
10.00,98,3.62
11.00,98,1.06
1.00,99,0.00
2.00,99,0.51
3.00,99,0.58
4.00,99,0.55
5.00,99,1.63
6.00,99,3.45
7.00,99,3.20
8.00,99,2.93
9.00,99,1.90
10.00,99,1.41
11.00,99,1.07
1.00,100,0.00
2.00,100,0.17
3.00,100,0.18
4.00,100,2.25
5.00,100,1.03
6.00,100,1.19
7.00,100,0.18
8.00,100,0.98
9.00,100,1.60
10.00,100,0.84
11.00,100,3.20
	
	
