1.00,21,0.00
2.00,21,2743.80
3.00,21,0.30
4.00,21,0.13
5.00,21,1.05
6.00,21,2743.85
7.00,21,0.63
8.00,21,2744.27
9.00,21,0.42
10.00,21,2743.93
11.00,21,1.77

1.00,1,0.00
2.00,1,1948.83
3.00,1,0.32
4.00,1,0.27
5.00,1,0.89
6.00,1,2743.97
7.00,1,2895.51
8.00,1,1.12
9.00,1,2.97
10.00,1,1642.85
11.00,1,6.67
1.00,2,0.00
2.00,2,0.40
3.00,2,0.17
4.00,2,970.80
5.00,2,2515.93
6.00,2,1690.63
7.00,2,2819.59
8.00,2,2143.03
9.00,2,2840.03
10.00,2,4.35
11.00,2,3.15
1.00,3,292.48
2.00,3,2743.74
3.00,3,960.31
4.00,3,1.09
5.00,3,2743.77
6.00,3,1947.07
7.00,3,0.79
8.00,3,1943.84
9.00,3,2738.89
10.00,3,2744.22
11.00,3,2.61
1.00,4,2878.56
2.00,4,317.55
3.00,4,1942.05
4.00,4,1.85
5.00,4,2743.29
6.00,4,2830.84
7.00,4,0.88
8.00,4,2420.96
9.00,4,1.51
10.00,4,3.31
11.00,4,2566.99
1.00,5,0.00
2.00,5,2502.63
3.00,5,2743.77
4.00,5,0.21
5.00,5,1.91
6.00,5,2326.04
7.00,5,2744.03
8.00,5,2743.58
9.00,5,2.93
10.00,5,2743.94
11.00,5,356.93
1.00,6,2743.79
2.00,6,0.24
3.00,6,0.29
4.00,6,1562.50
5.00,6,4.28
6.00,6,924.37
7.00,6,1947.11
8.00,6,2904.48
9.00,6,367.89
10.00,6,4.75
11.00,6,4.96
1.00,7,2862.18
2.00,7,2743.94
3.00,7,1959.06
4.00,7,2743.73
5.00,7,2744.05
6.00,7,2996.72
7.00,7,2743.82
8.00,7,2744.03
9.00,7,1954.67
10.00,7,1.70
11.00,7,2860.08
1.00,8,0.00
2.00,8,0.07
3.00,8,2642.91
4.00,8,2515.58
5.00,8,0.66
6.00,8,2743.91
7.00,8,2424.68
8.00,8,2744.16
9.00,8,2686.31
10.00,8,3.87
11.00,8,2743.84
1.00,9,1633.50
2.00,9,0.07
3.00,9,2771.29
4.00,9,0.15
5.00,9,2682.02
6.00,9,1.30
7.00,9,1.73
8.00,9,1643.35
9.00,9,1.93
10.00,9,3.21
11.00,9,4.89
1.00,10,2814.63
2.00,10,2743.81
3.00,10,2743.78
4.00,10,2743.76
5.00,10,1.63
6.00,10,2743.70
7.00,10,2743.68
8.00,10,925.55
9.00,10,2743.75
10.00,10,1.40
11.00,10,5.44
1.00,11,2743.79
2.00,11,0.11
3.00,11,2883.91
4.00,11,2743.85
5.00,11,2743.75
6.00,11,2743.75
7.00,11,2.21
8.00,11,923.38
9.00,11,925.41
10.00,11,2744.26
11.00,11,2743.09
1.00,12,0.00
2.00,12,0.35
3.00,12,2743.80
4.00,12,959.55
5.00,12,1917.04
6.00,12,2.50
7.00,12,0.79
8.00,12,1.14
9.00,12,2743.13
10.00,12,4.46
11.00,12,1.22
1.00,13,2891.29
2.00,13,0.24
3.00,13,0.32
4.00,13,2254.88
5.00,13,2743.80
6.00,13,1.18
7.00,13,368.63
8.00,13,1.21
9.00,13,2755.50
10.00,13,3124.50
11.00,13,2880.24
1.00,14,1949.74
2.00,14,0.09
3.00,14,2743.74
4.00,14,0.94
5.00,14,2.26
6.00,14,0.83
7.00,14,2.79
8.00,14,1887.60
9.00,14,2262.97
10.00,14,1648.72
11.00,14,1.45
1.00,15,0.00
2.00,15,0.49
3.00,15,2743.79
4.00,15,1951.23
5.00,15,0.30
6.00,15,1714.20
7.00,15,2324.86
8.00,15,2743.83
9.00,15,1.05
10.00,15,2118.29
11.00,15,1.81
1.00,16,2615.67
2.00,16,1.02
3.00,16,2936.16
4.00,16,1941.32
5.00,16,2743.64
6.00,16,2736.71
7.00,16,2743.91
8.00,16,1954.10
9.00,16,1145.22
10.00,16,1912.41
11.00,16,2719.19
1.00,17,2518.36
2.00,17,0.23
3.00,17,2743.73
4.00,17,0.40
5.00,17,0.97
6.00,17,2134.99
7.00,17,3096.40
8.00,17,2744.13
9.00,17,2743.59
10.00,17,0.48
11.00,17,3.20
1.00,18,1953.82
2.00,18,274.68
3.00,18,0.64
4.00,18,0.78
5.00,18,322.87
6.00,18,0.82
7.00,18,3.16
8.00,18,2436.00
9.00,18,2802.81
10.00,18,2743.55
11.00,18,2650.45
1.00,19,0.00
2.00,19,2743.72
3.00,19,1.30
4.00,19,2659.15
5.00,19,2780.83
6.00,19,2739.07
7.00,19,338.56
8.00,19,922.32
9.00,19,2743.27
10.00,19,2742.94
11.00,19,2805.19
1.00,20,2259.37
2.00,20,1728.15
3.00,20,2046.74
4.00,20,2840.54
5.00,20,2743.83
6.00,20,2356.92
7.00,20,1943.50
8.00,20,939.04
9.00,20,2999.94
10.00,20,2744.59
11.00,20,2744.11
	
1.00,22,0.00
2.00,22,1951.41
3.00,22,1.23
4.00,22,2743.73
5.00,22,2743.57
6.00,22,2743.79
7.00,22,2743.93
8.00,22,2744.03
9.00,22,2852.48
10.00,22,1941.25
11.00,22,0.64
1.00,23,0.00
2.00,23,2743.84
3.00,23,0.66
4.00,23,0.27
5.00,23,0.35
6.00,23,2743.61
7.00,23,2322.50
8.00,23,1741.35
9.00,23,2809.74
10.00,23,2887.22
11.00,23,2743.86
1.00,24,3038.04
2.00,24,3132.21
3.00,24,0.74
4.00,24,1793.05
5.00,24,2743.78
6.00,24,1.30
7.00,24,355.69
8.00,24,5.93
9.00,24,1942.00
10.00,24,4.79
11.00,24,1832.03
1.00,25,0.00
2.00,25,0.30
3.00,25,0.92
4.00,25,2.58
5.00,25,1094.39
6.00,25,2743.54
7.00,25,0.61
8.00,25,1944.76
9.00,25,1.64
10.00,25,2856.66
11.00,25,1746.15
1.00,26,0.00
2.00,26,0.47
3.00,26,3003.47
4.00,26,2743.74
5.00,26,1.12
6.00,26,1945.93
7.00,26,2743.94
8.00,26,2444.37
9.00,26,1.28
10.00,26,2.42
11.00,26,2743.59
1.00,27,2795.57
2.00,27,1952.23
3.00,27,1946.63
4.00,27,2743.84
5.00,27,2743.88
6.00,27,2833.86
7.00,27,2626.46
8.00,27,3.53
9.00,27,2743.70
10.00,27,2833.16
11.00,27,1000.09
1.00,28,0.00
2.00,28,0.17
3.00,28,1913.21
4.00,28,0.77
5.00,28,2777.69
6.00,28,0.84
7.00,28,2743.56
8.00,28,4.52
9.00,28,2743.73
10.00,28,2744.08
11.00,28,3.12
1.00,29,0.00
2.00,29,1271.60
3.00,29,1604.66
4.00,29,1.08
5.00,29,2.00
6.00,29,2752.71
7.00,29,2743.80
8.00,29,1653.70
9.00,29,2743.21
10.00,29,1945.71
11.00,29,2000.06
1.00,30,0.00
2.00,30,2743.77
3.00,30,2743.89
4.00,30,1.50
5.00,30,2598.66
6.00,30,2661.74
7.00,30,2743.98
8.00,30,2470.43
9.00,30,2447.69
10.00,30,2743.81
11.00,30,0.91
1.00,31,0.00
2.00,31,0.22
3.00,31,2899.56
4.00,31,0.91
5.00,31,2837.61
6.00,31,0.92
7.00,31,1.27
8.00,31,2743.10
9.00,31,2743.71
10.00,31,4.03
11.00,31,3.37
1.00,32,3031.51
2.00,32,0.34
3.00,32,1461.12
4.00,32,2735.16
5.00,32,1.85
6.00,32,3.74
7.00,32,1963.14
8.00,32,1951.91
9.00,32,2743.54
10.00,32,2744.12
11.00,32,1.80
1.00,33,2743.79
2.00,33,1131.88
3.00,33,0.40
4.00,33,0.56
5.00,33,1002.87
6.00,33,1845.40
7.00,33,2743.75
8.00,33,3.01
9.00,33,2743.93
10.00,33,2652.95
11.00,33,2743.94
1.00,34,2743.79
2.00,34,2968.81
3.00,34,2743.75
4.00,34,1921.52
5.00,34,0.86
6.00,34,2577.53
7.00,34,2789.57
8.00,34,1147.21
9.00,34,6.73
10.00,34,1305.79
11.00,34,2743.90
1.00,35,1950.72
2.00,35,2743.75
3.00,35,0.73
4.00,35,1.87
5.00,35,1945.13
6.00,35,1954.05
7.00,35,1949.77
8.00,35,2743.89
9.00,35,6.00
10.00,35,1.99
11.00,35,1959.73
1.00,36,2743.79
2.00,36,0.22
3.00,36,2839.84
4.00,36,1951.09
5.00,36,1.39
6.00,36,0.59
7.00,36,2743.81
8.00,36,2743.64
9.00,36,2.15
10.00,36,2746.64
11.00,36,2743.43
1.00,37,0.00
2.00,37,2893.03
3.00,37,1.00
4.00,37,2862.24
5.00,37,2743.54
6.00,37,2743.67
7.00,37,1945.11
8.00,37,2743.87
9.00,37,1.38
10.00,37,2533.48
11.00,37,2.61
1.00,38,1944.26
2.00,38,1952.95
3.00,38,1951.37
4.00,38,397.27
5.00,38,1945.25
6.00,38,2743.55
7.00,38,2744.00
8.00,38,0.64
9.00,38,2744.06
10.00,38,2.74
11.00,38,2949.65
1.00,39,0.00
2.00,39,2180.76
3.00,39,2743.70
4.00,39,1.90
5.00,39,2743.79
6.00,39,2792.50
7.00,39,1.64
8.00,39,3084.93
9.00,39,2845.16
10.00,39,2744.18
11.00,39,4.27
1.00,40,0.00
2.00,40,0.23
3.00,40,0.50
4.00,40,0.60
5.00,40,3.03
6.00,40,2848.92
7.00,40,1935.91
8.00,40,1952.65
9.00,40,0.62
10.00,40,1960.51
11.00,40,2744.34
1.00,41,2790.30
2.00,41,0.26
3.00,41,2741.85
4.00,41,1.44
5.00,41,386.91
6.00,41,1950.78
7.00,41,3073.77
8.00,41,1950.32
9.00,41,1954.13
10.00,41,1.72
11.00,41,8.22
1.00,42,2743.79
2.00,42,0.07
3.00,42,0.25
4.00,42,2743.62
5.00,42,0.42
6.00,42,2.10
7.00,42,2743.75
8.00,42,2744.04
9.00,42,2744.46
10.00,42,1950.07
11.00,42,3.21
1.00,43,2607.93
2.00,43,1945.16
3.00,43,1.60
4.00,43,0.67
5.00,43,0.80

11.00,43,6.42
1.00,44,2780.75
2.00,44,0.15
3.00,44,2303.84
4.00,44,2743.87
5.00,44,2922.85
6.00,44,1.95
7.00,44,2743.94
8.00,44,1958.25
9.00,44,3.05
10.00,44,1948.49
11.00,44,2743.82
1.00,45,1373.43
2.00,45,2743.79
3.00,45,0.46
4.00,45,2106.40
5.00,45,1.96
6.00,45,0.79
7.00,45,2744.00
8.00,45,1949.93
9.00,45,1.60
10.00,45,2893.32
11.00,45,2743.86
1.00,46,0.00
2.00,46,0.39
3.00,46,1.13
4.00,46,1662.28
5.00,46,2022.93
6.00,46,353.84
7.00,46,2744.09
8.00,46,2.79
9.00,46,1.40
10.00,46,0.97
11.00,46,2744.01
1.00,47,2676.39
2.00,47,2743.72
3.00,47,1.89
4.00,47,2695.55
5.00,47,0.44
6.00,47,2893.90
7.00,47,2787.10
8.00,47,3.99
9.00,47,2376.16
10.00,47,2.71
11.00,47,2752.44
1.00,48,2721.91
2.00,48,2580.34
3.00,48,2743.83
4.00,48,0.15
5.00,48,1011.59
6.00,48,2743.98
7.00,48,2743.51
8.00,48,2743.60
9.00,48,2744.15
10.00,48,1948.87
11.00,48,0.99
1.00,49,2743.79
2.00,49,0.15
3.00,49,2549.62
4.00,49,2743.86
5.00,49,2743.59
6.00,49,2743.75
7.00,49,2743.44
8.00,49,2739.44
9.00,49,1087.07
10.00,49,1040.11
11.00,49,4.34
1.00,50,282.91
2.00,50,0.48
3.00,50,282.28
4.00,50,0.39
5.00,50,1946.90
6.00,50,1951.60
7.00,50,2348.94
8.00,50,2743.86
9.00,50,1816.13
10.00,50,1341.49
11.00,50,3.77
1.00,51,0.00
2.00,51,0.34
3.00,51,0.57
4.00,51,1.44
5.00,51,2304.05
6.00,51,2738.14
7.00,51,2743.94
8.00,51,318.67
9.00,51,1809.84
10.00,51,2127.77
11.00,51,1946.22
1.00,52,0.00
2.00,52,2743.77
3.00,52,2743.97
4.00,52,0.49
5.00,52,2744.05
6.00,52,2743.89
7.00,52,4.19
8.00,52,2605.43
9.00,52,2693.69
10.00,52,1949.92
11.00,52,294.99
1.00,53,1954.57
2.00,53,1937.20
3.00,53,2743.83
4.00,53,0.22
5.00,53,2857.19
6.00,53,0.60
7.00,53,291.64
8.00,53,2606.39
9.00,53,0.76
10.00,53,2668.70
11.00,53,2910.25
1.00,54,0.00
2.00,54,1946.23
3.00,54,1.24
4.00,54,1.65
5.00,54,2744.01
6.00,54,1.65
7.00,54,0.81
8.00,54,2.77
9.00,54,1.70
10.00,54,3.70
11.00,54,2882.04
1.00,55,0.00
2.00,55,0.22
3.00,55,2743.76
4.00,55,0.89
5.00,55,2530.23
6.00,55,3.39
7.00,55,2744.05
8.00,55,2122.88
9.00,55,2469.26
10.00,55,1985.58
11.00,55,393.55
1.00,56,2895.50
2.00,56,2743.81
3.00,56,0.42
4.00,56,2790.44
5.00,56,2063.53
6.00,56,3.48
7.00,56,3.50
8.00,56,2744.29
9.00,56,6.03
10.00,56,1949.96
11.00,56,1958.48
1.00,57,922.16
2.00,57,0.15
3.00,57,2743.66
4.00,57,2743.82
5.00,57,1.02
6.00,57,2862.31
7.00,57,3.76
8.00,57,344.10
9.00,57,2744.20
10.00,57,2186.38
11.00,57,2743.20
1.00,58,2818.35
2.00,58,2743.83
3.00,58,2693.36
4.00,58,2743.88
5.00,58,2646.13
6.00,58,2743.54
7.00,58,2743.69
8.00,58,1974.21
9.00,58,4.54
10.00,58,2743.97
11.00,58,1.83
1.00,59,2743.79
2.00,59,0.10
3.00,59,2743.83
4.00,59,2743.67
5.00,59,3.37
6.00,59,2744.06
7.00,59,2858.29
8.00,59,3045.78
9.00,59,1.46
10.00,59,5.41
11.00,59,3.15
1.00,60,2743.79
2.00,60,0.28
3.00,60,0.77
4.00,60,0.86
5.00,60,2873.23
6.00,60,0.94
7.00,60,1061.40
8.00,60,2743.85
9.00,60,0.38
10.00,60,2173.21
11.00,60,2743.56
1.00,61,2789.64
2.00,61,345.80
3.00,61,924.69
4.00,61,2743.94
5.00,61,1.15
6.00,61,3.35
7.00,61,2753.38
8.00,61,3.31
9.00,61,5.07
10.00,61,2585.49
11.00,61,2.15
1.00,62,0.00
2.00,62,0.42
3.00,62,2544.24
4.00,62,976.13
5.00,62,1756.14
6.00,62,1.02
7.00,62,0.36
8.00,62,365.81
9.00,62,1986.51
10.00,62,1774.63
11.00,62,2743.32
1.00,63,2743.79
2.00,63,0.77
3.00,63,0.34
4.00,63,2344.53
5.00,63,0.57
6.00,63,1934.18
7.00,63,2338.26
8.00,63,2.02
9.00,63,1080.77
10.00,63,2743.46
11.00,63,2743.94
1.00,64,2743.79
2.00,64,921.47
3.00,64,0.33
4.00,64,0.44
5.00,64,0.32
6.00,64,2.62
7.00,64,2744.17
8.00,64,2.20
9.00,64,2743.17
10.00,64,1.59
11.00,64,917.84
1.00,65,0.00
2.00,65,0.29
3.00,65,2743.65
4.00,65,1954.30
5.00,65,2.07
6.00,65,2.47
7.00,65,2302.09
8.00,65,2.20
9.00,65,5.45
10.00,65,1950.89
11.00,65,1.86
1.00,66,0.00
2.00,66,2743.82
3.00,66,0.56
4.00,66,2743.68
5.00,66,1.41
6.00,66,1119.84
7.00,66,2744.28
8.00,66,1954.95
9.00,66,2826.21
10.00,66,2514.65
11.00,66,2743.64
1.00,67,1473.04
2.00,67,0.03
3.00,67,2881.47
4.00,67,2743.82
5.00,67,2743.83
6.00,67,0.30
7.00,67,1.79
8.00,67,2903.42
9.00,67,1954.69
10.00,67,2744.12
11.00,67,281.08
1.00,68,0.00
2.00,68,2025.04
3.00,68,0.64
4.00,68,0.34
5.00,68,0.61
6.00,68,2306.15
7.00,68,940.86
8.00,68,1148.78
9.00,68,1947.26
10.00,68,1944.49
11.00,68,2743.63
1.00,69,0.00
2.00,69,0.15
3.00,69,2868.92
4.00,69,1797.92
5.00,69,3122.19
6.00,69,0.68
7.00,69,2743.66
8.00,69,1047.93
9.00,69,1676.62
10.00,69,0.36
11.00,69,0.56
1.00,70,2743.79
2.00,70,1944.99
3.00,70,0.17
4.00,70,2743.70
5.00,70,924.92
6.00,70,2743.57
7.00,70,2798.40
8.00,70,1.51
9.00,70,1.76
10.00,70,1794.25
11.00,70,2743.36
1.00,71,2743.79
2.00,71,0.09
3.00,71,2825.89
4.00,71,2743.70
5.00,71,1735.66
6.00,71,1214.11
7.00,71,2743.48
8.00,71,1736.82
9.00,71,1951.92
10.00,71,2293.68
11.00,71,2743.93
1.00,72,2743.79
2.00,72,2494.53
3.00,72,0.99
4.00,72,0.39
5.00,72,2743.67
6.00,72,961.97
7.00,72,2.50
8.00,72,2676.40
9.00,72,1936.67
10.00,72,2829.52
11.00,72,1945.71
1.00,73,0.00
2.00,73,1945.59
3.00,73,0.29
4.00,73,2922.24
5.00,73,2743.69
6.00,73,1.35
7.00,73,3.92
8.00,73,2103.08
9.00,73,2903.46
10.00,73,2743.42
11.00,73,2743.58
1.00,74,0.00
2.00,74,367.37
3.00,74,2464.90
4.00,74,1.12
5.00,74,2846.13
6.00,74,1686.57
7.00,74,1291.94
8.00,74,1932.11
9.00,74,4.22
10.00,74,6.53
11.00,74,2744.12
1.00,75,1948.81
2.00,75,1271.17
3.00,75,0.20
4.00,75,2793.76
5.00,75,0.79
6.00,75,3.46
7.00,75,0.56
8.00,75,0.36
9.00,75,3.27
10.00,75,7.38
11.00,75,1948.93
1.00,76,0.00
2.00,76,2743.73
3.00,76,0.38
4.00,76,0.20
5.00,76,0.17
6.00,76,0.68
7.00,76,2817.33
8.00,76,2753.33
9.00,76,2744.17
10.00,76,3.17
11.00,76,2.43
1.00,77,2743.79
2.00,77,2743.83
3.00,77,2743.77
4.00,77,2911.83
5.00,77,2109.00
6.00,77,1.82
7.00,77,2743.79
8.00,77,2720.00
9.00,77,2743.70
10.00,77,2.26
11.00,77,0.55
1.00,78,3082.62
2.00,78,2022.68
3.00,78,2743.94
4.00,78,2743.87
5.00,78,2871.54
6.00,78,0.51
7.00,78,2743.91
8.00,78,2743.78
9.00,78,2.12
10.00,78,4.78
11.00,78,1.79
1.00,79,2743.79
2.00,79,0.48
3.00,79,0.85
4.00,79,1.14
5.00,79,2.47
6.00,79,0.73
7.00,79,2848.64
8.00,79,1945.65
9.00,79,1.31
10.00,79,2640.03
11.00,79,2743.93
1.00,80,1948.98
2.00,80,0.62
3.00,80,2743.87
4.00,80,0.49
5.00,80,2668.10
6.00,80,2794.53
7.00,80,2.84
8.00,80,2744.28
9.00,80,1957.41
10.00,80,1944.19
11.00,80,2887.36
1.00,81,0.00
2.00,81,335.22
3.00,81,2604.17
4.00,81,1956.72
5.00,81,3126.79
6.00,81,2849.02
7.00,81,2.68
8.00,81,3123.79
9.00,81,2.94
10.00,81,3114.28
11.00,81,1.04
1.00,82,2743.79
2.00,82,0.22
3.00,82,2743.67
4.00,82,1.10
5.00,82,2744.04
6.00,82,2462.24
7.00,82,2654.22
8.00,82,2744.07
9.00,82,1949.19
10.00,82,1941.51
11.00,82,2.25
1.00,83,2743.79
2.00,83,310.41
3.00,83,2670.92
4.00,83,2743.57
5.00,83,298.42
6.00,83,2743.88
7.00,83,0.47
8.00,83,3076.76
9.00,83,1564.81
10.00,83,2743.93
11.00,83,2743.97
1.00,84,2849.26
2.00,84,2743.86
3.00,84,0.52
4.00,84,0.48
5.00,84,2708.77
6.00,84,3126.66
7.00,84,2743.83
8.00,84,1948.78
9.00,84,952.13
10.00,84,3.52
11.00,84,1340.62
1.00,85,2743.79
2.00,85,0.66
3.00,85,0.07
4.00,85,2814.54
5.00,85,2743.71
6.00,85,2743.76
7.00,85,1941.54
8.00,85,1552.20
9.00,85,3.67
10.00,85,1966.59
11.00,85,2744.08
1.00,86,2818.56
2.00,86,2743.82
3.00,86,2743.74
4.00,86,2781.85
5.00,86,2743.83
6.00,86,278.33
7.00,86,2743.66
8.00,86,1943.59
9.00,86,2744.33
10.00,86,2743.77
11.00,86,2706.36
1.00,87,2743.79
2.00,87,2743.77
3.00,87,2419.36
4.00,87,0.99
5.00,87,1.36
6.00,87,2743.82
7.00,87,1.95
8.00,87,2743.73
9.00,87,928.62
10.00,87,1943.72
11.00,87,281.88
1.00,88,0.00
2.00,88,0.06
3.00,88,1749.58
4.00,88,2743.60
5.00,88,0.76
6.00,88,0.81
7.00,88,1418.11
8.00,88,2743.85
9.00,88,5.64
10.00,88,1.34
11.00,88,2.66
1.00,89,2743.79
2.00,89,0.07
3.00,89,2743.89
4.00,89,2840.34
5.00,89,2615.06
6.00,89,1848.44
7.00,89,1945.29
8.00,89,2743.92
9.00,89,2743.49
10.00,89,2743.49
11.00,89,3.39
1.00,90,0.00
2.00,90,0.26
3.00,90,330.16
4.00,90,2882.20
5.00,90,2743.76
6.00,90,3.05
7.00,90,1.26
8.00,90,1706.67
9.00,90,7.53
10.00,90,1.58
11.00,90,3.72
1.00,91,2743.79
2.00,91,1930.95
3.00,91,2743.86
4.00,91,2743.74
5.00,91,0.33
6.00,91,2743.86
7.00,91,1.05
8.00,91,1.77
9.00,91,2743.34
10.00,91,2600.94
11.00,91,2868.89
1.00,92,2743.79
2.00,92,2743.85
3.00,92,0.07
4.00,92,0.10
5.00,92,2744.01
6.00,92,2869.06
7.00,92,342.81
8.00,92,1780.32
9.00,92,1946.89
10.00,92,2744.21
11.00,92,2743.07
1.00,93,1782.05
2.00,93,0.11
3.00,93,2746.76
4.00,93,0.25
5.00,93,0.82
6.00,93,2.86
7.00,93,2.52
8.00,93,2744.30
9.00,93,2743.42
10.00,93,6.06
11.00,93,289.84
1.00,94,2743.79
2.00,94,1944.32
3.00,94,2740.40
4.00,94,2558.98
5.00,94,0.55
6.00,94,1080.55
7.00,94,0.63
8.00,94,328.31
9.00,94,2743.98
10.00,94,1.47
11.00,94,2744.00
1.00,95,0.00
2.00,95,0.25
3.00,95,1675.91
4.00,95,1820.96
5.00,95,1146.27
6.00,95,2743.99
7.00,95,3.43
8.00,95,2743.56
9.00,95,3.37
10.00,95,2831.17
11.00,95,1257.94
1.00,96,3040.55
2.00,96,0.29
3.00,96,0.37
4.00,96,2744.03
5.00,96,0.73
6.00,96,2743.71
7.00,96,2385.27
8.00,96,274.00
9.00,96,2806.02
10.00,96,2483.95
11.00,96,2743.86
1.00,97,0.00
2.00,97,2163.23
3.00,97,2372.22
4.00,97,0.50
5.00,97,2664.23
6.00,97,367.69
7.00,97,2744.25
8.00,97,2743.68
9.00,97,1.36
10.00,97,2743.48
11.00,97,7.03
1.00,98,955.31
2.00,98,2743.81
3.00,98,0.22
4.00,98,0.92
5.00,98,2743.74
6.00,98,0.51
7.00,98,2051.89
8.00,98,6.57
9.00,98,1947.16
10.00,98,2744.16
11.00,98,2135.07
1.00,99,0.00
2.00,99,0.06
3.00,99,2753.48
4.00,99,2743.71
5.00,99,2.70
6.00,99,0.69
7.00,99,1558.03
8.00,99,2.07
9.00,99,1.84
10.00,99,2634.33
11.00,99,1953.44
1.00,100,1073.42
2.00,100,0.23
3.00,100,0.35
4.00,100,2861.60
5.00,100,2744.00
6.00,100,0.35
7.00,100,2743.75
8.00,100,2.72
9.00,100,949.63
10.00,100,1095.85
11.00,100,2744.37
	
