1.00,1,0.00
2.00,1,0.07
3.00,1,0.03
4.00,1,0.65
5.00,1,0.17
6.00,1,0.44
7.00,1,1.05
8.00,1,0.54
9.00,1,0.41
10.00,1,1.44
11.00,1,1.41
1.00,2,0.00
2.00,2,0.05
3.00,2,0.31
4.00,2,0.12
5.00,2,0.49
6.00,2,0.58
7.00,2,0.09
8.00,2,1.15
9.00,2,0.47
10.00,2,0.87
11.00,2,0.09
1.00,3,0.00
2.00,3,0.10
3.00,3,0.07
4.00,3,0.67
5.00,3,0.29
6.00,3,0.36
7.00,3,0.34
8.00,3,0.97
9.00,3,0.29
10.00,3,0.07
11.00,3,0.36
1.00,4,0.00
2.00,4,0.19
3.00,4,0.10
4.00,4,0.31
5.00,4,0.43
6.00,4,0.23
7.00,4,0.75
8.00,4,0.83
9.00,4,0.33
10.00,4,0.81
11.00,4,1.23
1.00,5,0.00
2.00,5,0.12
3.00,5,0.39
4.00,5,0.24
5.00,5,0.65
6.00,5,0.29
7.00,5,0.52
8.00,5,0.47
9.00,5,0.92
10.00,5,0.86
11.00,5,0.88
1.00,6,0.00
2.00,6,0.05
3.00,6,0.10
4.00,6,0.45
5.00,6,0.54
6.00,6,0.56
7.00,6,0.26
8.00,6,0.97
9.00,6,0.54
10.00,6,1.94
11.00,6,0.91
1.00,7,0.00
2.00,7,0.10
3.00,7,0.20
4.00,7,0.14
5.00,7,0.50
6.00,7,1.54
7.00,7,0.47
8.00,7,1.26
9.00,7,1.90
10.00,7,0.33
11.00,7,0.99
1.00,8,0.00
2.00,8,0.05
3.00,8,0.25
4.00,8,0.13
5.00,8,0.04
6.00,8,0.34
7.00,8,0.29
8.00,8,0.24
9.00,8,0.53
10.00,8,1.65
11.00,8,0.89
1.00,9,0.00
2.00,9,0.14
3.00,9,0.33
4.00,9,0.55
5.00,9,0.57
6.00,9,0.12
7.00,9,0.11
8.00,9,0.13
9.00,9,0.68
10.00,9,0.55
11.00,9,0.99
1.00,10,0.00
2.00,10,0.05
3.00,10,0.32
4.00,10,0.29
5.00,10,0.41
6.00,10,0.60
7.00,10,0.97
8.00,10,0.40
9.00,10,0.67
10.00,10,0.60
11.00,10,0.14
1.00,11,0.00
2.00,11,0.11
3.00,11,0.24
4.00,11,0.21
5.00,11,0.47
6.00,11,0.69
7.00,11,0.35
8.00,11,0.90
9.00,11,0.35
10.00,11,0.90
11.00,11,1.01
1.00,12,0.00
2.00,12,0.19
3.00,12,0.09
4.00,12,0.32
5.00,12,0.21
6.00,12,0.41
7.00,12,0.14
8.00,12,1.30
9.00,12,1.36
10.00,12,0.59
11.00,12,0.93
1.00,13,0.00
2.00,13,0.12
3.00,13,0.25
4.00,13,0.24
5.00,13,0.69
6.00,13,0.12
7.00,13,0.06
8.00,13,0.12
9.00,13,1.07
10.00,13,0.52
11.00,13,1.91
1.00,14,0.00
2.00,14,0.10
3.00,14,0.21
4.00,14,0.44
5.00,14,0.30
6.00,14,0.55
7.00,14,0.80
8.00,14,0.64
9.00,14,1.51
10.00,14,0.52
11.00,14,1.82
1.00,15,0.00
2.00,15,0.08
3.00,15,0.07
4.00,15,0.52
5.00,15,0.31
6.00,15,0.31
7.00,15,0.29
8.00,15,0.29
9.00,15,1.33
10.00,15,0.18
11.00,15,0.83
1.00,16,0.00
2.00,16,0.10
3.00,16,0.09
4.00,16,0.22
5.00,16,0.33
6.00,16,0.15
7.00,16,0.60
8.00,16,0.59
9.00,16,1.21
10.00,16,1.80
11.00,16,2.43
1.00,17,0.00
2.00,17,0.06
3.00,17,0.10
4.00,17,0.44
5.00,17,0.24
6.00,17,0.42
7.00,17,0.55
8.00,17,0.49
9.00,17,1.25
10.00,17,0.34
11.00,17,0.94
1.00,18,0.00
2.00,18,0.12
3.00,18,0.20
4.00,18,0.27
5.00,18,0.18
6.00,18,0.33
7.00,18,0.31
8.00,18,0.70
9.00,18,1.53
10.00,18,0.55
11.00,18,0.45
1.00,19,0.00
2.00,19,0.03
3.00,19,0.06
4.00,19,0.27
5.00,19,0.61
6.00,19,0.44
7.00,19,1.24
8.00,19,1.08
9.00,19,0.52
10.00,19,1.03
11.00,19,0.99
1.00,20,0.00
2.00,20,0.15
3.00,20,0.18
4.00,20,0.35
5.00,20,0.49
6.00,20,0.18
7.00,20,0.09
8.00,20,1.43
9.00,20,1.49
10.00,20,0.42
11.00,20,2.30
1.00,21,0.00
2.00,21,0.04
3.00,21,0.02
4.00,21,0.16
5.00,21,0.35
6.00,21,0.24
7.00,21,0.47
8.00,21,0.22
9.00,21,0.25
10.00,21,1.14
11.00,21,0.78
1.00,22,0.00
2.00,22,0.06
3.00,22,0.25
4.00,22,0.61
5.00,22,0.27
6.00,22,0.28
7.00,22,0.77
8.00,22,0.26
9.00,22,0.42
10.00,22,0.55
11.00,22,0.77
1.00,23,0.00
2.00,23,0.04
3.00,23,0.15
4.00,23,0.08
5.00,23,0.47
6.00,23,1.15
7.00,23,0.34
8.00,23,0.62
9.00,23,2.15
10.00,23,0.05
11.00,23,1.08
1.00,24,0.00
2.00,24,0.07
3.00,24,0.23
4.00,24,0.29
5.00,24,1.15
6.00,24,0.06
7.00,24,0.74
8.00,24,1.12
9.00,24,0.27
10.00,24,0.53
11.00,24,1.46
1.00,25,0.00
2.00,25,0.13
3.00,25,0.12
4.00,25,0.36
5.00,25,0.36
6.00,25,0.22
7.00,25,0.68
8.00,25,1.15
9.00,25,0.64
10.00,25,2.21
11.00,25,0.42
1.00,26,0.00
2.00,26,0.19
3.00,26,0.15
4.00,26,0.21
5.00,26,0.36
6.00,26,0.32
7.00,26,0.66
8.00,26,0.49
9.00,26,1.44
10.00,26,1.42
11.00,26,0.67
1.00,27,0.00
2.00,27,0.15
3.00,27,0.19
4.00,27,0.14
5.00,27,0.28
6.00,27,0.19
7.00,27,0.80
8.00,27,1.01
9.00,27,0.35
10.00,27,1.28
11.00,27,0.37
1.00,28,0.00
2.00,28,0.06
3.00,28,0.41
4.00,28,0.20
5.00,28,0.42
6.00,28,0.35
7.00,28,0.34
8.00,28,0.95
9.00,28,1.11
10.00,28,1.34
11.00,28,0.42
1.00,29,0.00
2.00,29,0.05
3.00,29,0.44
4.00,29,0.73
5.00,29,0.44
6.00,29,0.15
7.00,29,0.39
8.00,29,0.84
9.00,29,0.53
10.00,29,1.61
11.00,29,0.51
1.00,30,0.00
2.00,30,0.14
3.00,30,0.09
4.00,30,0.06
5.00,30,0.12
6.00,30,0.26
7.00,30,0.30
8.00,30,0.86
9.00,30,0.70
10.00,30,1.17
11.00,30,0.83
1.00,31,0.00
2.00,31,0.09
3.00,31,0.21
4.00,31,0.26
5.00,31,0.72
6.00,31,0.57
7.00,31,0.24
8.00,31,1.14
9.00,31,1.01
10.00,31,0.43
11.00,31,1.71
1.00,32,0.00
2.00,32,0.03
3.00,32,0.18
4.00,32,0.24
5.00,32,0.39
6.00,32,0.55
7.00,32,0.97
8.00,32,1.17
9.00,32,1.27
10.00,32,0.37
11.00,32,1.21
1.00,33,0.00
2.00,33,0.14
3.00,33,0.51
4.00,33,0.70
5.00,33,0.40
6.00,33,0.49
7.00,33,0.76
8.00,33,0.75
9.00,33,0.18
10.00,33,1.54
11.00,33,1.14
1.00,34,0.00
2.00,34,0.03
3.00,34,0.18
4.00,34,0.14
5.00,34,0.12
6.00,34,0.20
7.00,34,0.63
8.00,34,0.38
9.00,34,0.55
10.00,34,0.70
11.00,34,0.09
1.00,35,0.00
2.00,35,0.09
3.00,35,0.12
4.00,35,0.42
5.00,35,0.55
6.00,35,0.79
7.00,35,0.21
8.00,35,0.42
9.00,35,0.78
10.00,35,0.87
11.00,35,0.78
1.00,36,0.00
2.00,36,0.08
3.00,36,0.20
4.00,36,0.14
5.00,36,0.64
6.00,36,0.42
7.00,36,0.40
8.00,36,0.84
9.00,36,0.99
10.00,36,0.22
11.00,36,0.76
1.00,37,0.00
2.00,37,0.07
3.00,37,0.19
4.00,37,0.52
5.00,37,0.23
6.00,37,0.63
7.00,37,0.47
8.00,37,0.54
9.00,37,1.47
10.00,37,0.45
11.00,37,0.43
1.00,38,0.00
2.00,38,0.06
3.00,38,0.24
4.00,38,0.46
5.00,38,0.59
6.00,38,0.66
7.00,38,0.81
8.00,38,1.00
9.00,38,0.16
10.00,38,0.29
11.00,38,0.30
1.00,39,0.00
2.00,39,0.08
3.00,39,0.11
4.00,39,0.03
5.00,39,0.12
6.00,39,0.42
7.00,39,0.70
8.00,39,0.54
9.00,39,0.50
10.00,39,0.17
11.00,39,0.41
1.00,40,0.00
2.00,40,0.11
3.00,40,0.27
4.00,40,0.19
5.00,40,0.20
6.00,40,0.37
7.00,40,0.71
8.00,40,0.96
9.00,40,0.62
10.00,40,1.00
11.00,40,0.94
1.00,41,0.00
2.00,41,0.14
3.00,41,0.21
4.00,41,0.36
5.00,41,0.57
6.00,41,0.49
7.00,41,0.49
8.00,41,0.61
9.00,41,0.37
10.00,41,1.32
11.00,41,2.43
1.00,42,0.00
2.00,42,0.10
3.00,42,0.02
4.00,42,0.30
5.00,42,0.47
6.00,42,0.60
7.00,42,0.62
8.00,42,0.38
9.00,42,0.57
10.00,42,0.51
11.00,42,1.26
1.00,43,0.00
2.00,43,0.06
3.00,43,0.22
4.00,43,0.23
5.00,43,0.20
6.00,43,0.41
7.00,43,0.59
8.00,43,0.26
9.00,43,0.28
10.00,43,0.58
11.00,43,0.68
1.00,44,0.00
2.00,44,0.19
3.00,44,0.50
4.00,44,0.38
5.00,44,0.44
6.00,44,0.62
7.00,44,0.65
8.00,44,1.04
9.00,44,0.60
10.00,44,1.05
11.00,44,2.57
1.00,45,0.00
2.00,45,0.15
3.00,45,0.33
4.00,45,0.08
5.00,45,0.72
6.00,45,0.76
7.00,45,0.72
8.00,45,0.73
9.00,45,1.30
10.00,45,0.38
11.00,45,0.31
1.00,46,0.00
2.00,46,0.06
3.00,46,0.17
4.00,46,0.39
5.00,46,0.25
6.00,46,0.95
7.00,46,0.19
8.00,46,1.13
9.00,46,0.41
10.00,46,0.50
11.00,46,1.05
1.00,47,0.00
2.00,47,0.14
3.00,47,0.06
4.00,47,0.81
5.00,47,0.35
6.00,47,0.39
7.00,47,0.47
8.00,47,1.29
9.00,47,0.49
10.00,47,0.23
11.00,47,0.96
1.00,48,0.00
2.00,48,0.06
3.00,48,0.29
4.00,48,0.24
5.00,48,1.19
6.00,48,0.87
7.00,48,0.61
8.00,48,0.75
9.00,48,0.17
10.00,48,0.73
11.00,48,2.05
1.00,49,0.00
2.00,49,0.09
3.00,49,0.01
4.00,49,0.24
5.00,49,0.11
6.00,49,0.55
7.00,49,0.15
8.00,49,0.30
9.00,49,0.86
10.00,49,1.14
11.00,49,0.88
1.00,50,0.00
2.00,50,0.10
3.00,50,0.18
4.00,50,0.13
5.00,50,0.17
6.00,50,0.60
7.00,50,0.12
8.00,50,1.89
9.00,50,0.23
10.00,50,1.12
11.00,50,0.32
1.00,51,0.00
2.00,51,0.12
3.00,51,0.14
4.00,51,0.36
5.00,51,0.33
6.00,51,0.39
7.00,51,0.25
8.00,51,1.00
9.00,51,0.51
10.00,51,1.09
11.00,51,0.47
1.00,52,0.00
2.00,52,0.08
3.00,52,0.13
4.00,52,0.23
5.00,52,0.42
6.00,52,0.27
7.00,52,0.90
8.00,52,0.64
9.00,52,1.99
10.00,52,1.08
11.00,52,1.23
1.00,53,0.00
2.00,53,0.08
3.00,53,0.21
4.00,53,0.31
5.00,53,0.25
6.00,53,0.48
7.00,53,0.52
8.00,53,0.64
9.00,53,0.07
10.00,53,0.98
11.00,53,0.92
1.00,54,0.00
2.00,54,0.16
3.00,54,0.08
4.00,54,0.20
5.00,54,0.50
6.00,54,0.81
7.00,54,0.57
8.00,54,0.19
9.00,54,2.33
10.00,54,0.22
11.00,54,0.24
1.00,55,0.00
2.00,55,0.09
3.00,55,0.31
4.00,55,0.23
5.00,55,0.11
6.00,55,0.56
7.00,55,1.38
8.00,55,0.62
9.00,55,0.35
10.00,55,0.47
11.00,55,1.79
1.00,56,0.00
2.00,56,0.06
3.00,56,0.07
4.00,56,0.24
5.00,56,0.22
6.00,56,0.62
7.00,56,1.02
8.00,56,1.07
9.00,56,1.16
10.00,56,0.14
11.00,56,1.41
1.00,57,0.00
2.00,57,0.12
3.00,57,0.13
4.00,57,0.34
5.00,57,0.31
6.00,57,0.41
7.00,57,1.13
8.00,57,1.49
9.00,57,0.22
10.00,57,0.62
11.00,57,1.60
1.00,58,0.00
2.00,58,0.11
3.00,58,0.31
4.00,58,0.22
5.00,58,0.05
6.00,58,0.67
7.00,58,0.54
8.00,58,0.43
9.00,58,2.14
10.00,58,0.61
11.00,58,1.67
1.00,59,0.00
2.00,59,0.16
3.00,59,0.17
4.00,59,0.57
5.00,59,0.38
6.00,59,0.53
7.00,59,0.38
8.00,59,0.28
9.00,59,0.48
10.00,59,0.70
11.00,59,1.59
1.00,60,0.00
2.00,60,0.09
3.00,60,0.42
4.00,60,0.18
5.00,60,0.53
6.00,60,0.11
7.00,60,0.46
8.00,60,1.49
9.00,60,0.25
10.00,60,1.34
11.00,60,0.48
1.00,61,0.00
2.00,61,0.00
3.00,61,0.25
4.00,61,0.16
5.00,61,0.33
6.00,61,0.35
7.00,61,0.27
8.00,61,0.65
9.00,61,1.20
10.00,61,2.98
11.00,61,1.05
1.00,62,0.00
2.00,62,0.06
3.00,62,0.37
4.00,62,0.21
5.00,62,0.57
6.00,62,0.32
7.00,62,0.40
8.00,62,1.00
9.00,62,1.29
10.00,62,1.23
11.00,62,0.78
1.00,63,0.00
2.00,63,0.04
3.00,63,0.15
4.00,63,0.12
5.00,63,0.57
6.00,63,0.28
7.00,63,0.50
8.00,63,0.42
9.00,63,0.48
10.00,63,2.26
11.00,63,0.18
1.00,64,0.00
2.00,64,0.07
3.00,64,0.28
4.00,64,0.20
5.00,64,0.29
6.00,64,0.49
7.00,64,0.56
8.00,64,1.31
9.00,64,1.27
10.00,64,0.44
11.00,64,0.92
1.00,65,0.00
2.00,65,0.05
3.00,65,0.20
4.00,65,0.79
5.00,65,0.56
6.00,65,0.52
7.00,65,0.32
8.00,65,0.35
9.00,65,0.38
10.00,65,0.58
11.00,65,1.41
1.00,66,0.00
2.00,66,0.08
3.00,66,0.42
4.00,66,0.17
5.00,66,0.35
6.00,66,0.25
7.00,66,0.51
8.00,66,0.57
9.00,66,0.73
10.00,66,1.15
11.00,66,0.35
1.00,67,0.00
2.00,67,0.08
3.00,67,0.09
4.00,67,0.39
5.00,67,0.62
6.00,67,0.67
7.00,67,0.64
8.00,67,0.83
9.00,67,0.49
10.00,67,0.74
11.00,67,0.69
1.00,68,0.00
2.00,68,0.08
3.00,68,0.13
4.00,68,0.37
5.00,68,0.36
6.00,68,0.56
7.00,68,0.45
8.00,68,0.05
9.00,68,0.96
10.00,68,1.01
11.00,68,2.50
1.00,69,0.00
2.00,69,0.11
3.00,69,0.54
4.00,69,0.39
5.00,69,0.53
6.00,69,1.15
7.00,69,0.33
8.00,69,0.42
9.00,69,0.35
10.00,69,1.43
11.00,69,2.16
1.00,70,0.00
2.00,70,0.15
3.00,70,0.17
4.00,70,0.28
5.00,70,0.32
6.00,70,0.38
7.00,70,0.58
8.00,70,0.83
9.00,70,0.81
10.00,70,0.88
11.00,70,0.97
1.00,71,0.00
2.00,71,0.07
3.00,71,0.15
4.00,71,0.30
5.00,71,0.38
6.00,71,0.15
7.00,71,0.52
8.00,71,0.66
9.00,71,0.14
10.00,71,0.68
11.00,71,0.72
1.00,72,0.00
2.00,72,0.17
3.00,72,0.12
4.00,72,0.29
5.00,72,0.41
6.00,72,0.77
7.00,72,0.38
8.00,72,0.67
9.00,72,0.15
10.00,72,0.69
11.00,72,1.45
1.00,73,0.00
2.00,73,0.14
3.00,73,0.09
4.00,73,0.70
5.00,73,0.34
6.00,73,0.39
7.00,73,0.91
8.00,73,0.54
9.00,73,0.25
10.00,73,0.69
11.00,73,0.89
1.00,74,0.00
2.00,74,0.07
3.00,74,0.37
4.00,74,0.38
5.00,74,0.82
6.00,74,1.03
7.00,74,0.57
8.00,74,0.44
9.00,74,1.15
10.00,74,1.31
11.00,74,0.16
1.00,75,0.00
2.00,75,0.10
3.00,75,0.39
4.00,75,0.11
5.00,75,0.31
6.00,75,0.65
7.00,75,0.47
8.00,75,0.87
9.00,75,1.14
10.00,75,0.87
11.00,75,0.13
1.00,76,0.00
2.00,76,0.04
3.00,76,0.18
4.00,76,0.17
5.00,76,0.25
6.00,76,0.91
7.00,76,1.20
8.00,76,0.24
9.00,76,0.45
10.00,76,1.07
11.00,76,1.90
1.00,77,0.00
2.00,77,0.08
3.00,77,0.23
4.00,77,0.47
5.00,77,0.48
6.00,77,0.48
7.00,77,0.71
8.00,77,1.37
9.00,77,0.69
10.00,77,0.33
11.00,77,0.59
1.00,78,0.00
2.00,78,0.04
3.00,78,0.13
4.00,78,0.54
5.00,78,0.70
6.00,78,0.86
7.00,78,0.55
8.00,78,0.84
9.00,78,1.73
10.00,78,0.44
11.00,78,2.25
1.00,79,0.00
2.00,79,0.17
3.00,79,0.01
4.00,79,0.11
5.00,79,0.50
6.00,79,0.55
7.00,79,1.08
8.00,79,0.94
9.00,79,0.78
10.00,79,0.52
11.00,79,1.98
1.00,80,0.00
2.00,80,0.16
3.00,80,0.16
4.00,80,0.46
5.00,80,0.43
6.00,80,0.63
7.00,80,0.64
8.00,80,0.49
9.00,80,0.28
10.00,80,0.65
11.00,80,0.89
1.00,81,0.00
2.00,81,0.22
3.00,81,0.22
4.00,81,0.28
5.00,81,0.32
6.00,81,0.78
7.00,81,0.67
8.00,81,0.44
9.00,81,0.29
10.00,81,0.89
11.00,81,0.84
1.00,82,0.00
2.00,82,0.05
3.00,82,0.26
4.00,82,0.17
5.00,82,0.39
6.00,82,0.16
7.00,82,0.52
8.00,82,1.34
9.00,82,0.85
10.00,82,1.27
11.00,82,1.09
1.00,83,0.00
2.00,83,0.09
3.00,83,0.23
4.00,83,0.38
5.00,83,0.09
6.00,83,0.66
7.00,83,1.71
8.00,83,0.83
9.00,83,1.33
10.00,83,1.27
11.00,83,0.27
1.00,84,0.00
2.00,84,0.08
3.00,84,0.28
4.00,84,0.26
5.00,84,0.62
6.00,84,0.99
7.00,84,0.05
8.00,84,1.76
9.00,84,1.34
10.00,84,2.03
11.00,84,0.33
1.00,85,0.00
2.00,85,0.18
3.00,85,0.08
4.00,85,0.13
5.00,85,0.48
6.00,85,0.75
7.00,85,0.55
8.00,85,1.00
9.00,85,1.00
10.00,85,0.93
11.00,85,1.42
1.00,86,0.00
2.00,86,0.15
3.00,86,0.22
4.00,86,0.33
5.00,86,0.39
6.00,86,1.15
7.00,86,0.28
8.00,86,0.66
9.00,86,0.33
10.00,86,0.46
11.00,86,1.13
1.00,87,0.00
2.00,87,0.06
3.00,87,0.19
4.00,87,0.11
5.00,87,0.42
6.00,87,0.70
7.00,87,0.22
8.00,87,0.79
9.00,87,1.06
10.00,87,1.41
11.00,87,1.30
1.00,88,0.00
2.00,88,0.23
3.00,88,0.31
4.00,88,0.15
5.00,88,0.25
6.00,88,1.22
7.00,88,0.36
8.00,88,0.92
9.00,88,0.90
10.00,88,0.19
11.00,88,0.17
1.00,89,0.00
2.00,89,0.04
3.00,89,0.39
4.00,89,0.45
5.00,89,0.33
6.00,89,0.49
7.00,89,0.57
8.00,89,1.46
9.00,89,0.94
10.00,89,0.59
11.00,89,1.65
1.00,90,0.00
2.00,90,0.07
3.00,90,0.15
4.00,90,0.28
5.00,90,0.57
6.00,90,0.48
7.00,90,0.61
8.00,90,0.81
9.00,90,1.44
10.00,90,0.62
11.00,90,0.81
1.00,91,0.00
2.00,91,0.04
3.00,91,0.26
4.00,91,0.11
5.00,91,0.70
6.00,91,0.09
7.00,91,1.63
8.00,91,0.70
9.00,91,0.98
10.00,91,0.53
11.00,91,0.39
1.00,92,0.00
2.00,92,0.05
3.00,92,0.14
4.00,92,0.37
5.00,92,0.81
6.00,92,0.75
7.00,92,0.73
8.00,92,0.61
9.00,92,0.37
10.00,92,1.49
11.00,92,2.13
1.00,93,0.00
2.00,93,0.02
3.00,93,0.24
4.00,93,0.12
5.00,93,0.58
6.00,93,0.44
7.00,93,0.94
8.00,93,0.57
9.00,93,0.75
10.00,93,2.08
11.00,93,0.83
1.00,94,0.00
2.00,94,0.06
3.00,94,0.24
4.00,94,0.36
5.00,94,0.30
6.00,94,0.87
7.00,94,0.44
8.00,94,0.63
9.00,94,1.00
10.00,94,0.43
11.00,94,0.95
1.00,95,0.00
2.00,95,0.06
3.00,95,0.05
4.00,95,0.42
5.00,95,0.47
6.00,95,0.08
7.00,95,0.72
8.00,95,0.53
9.00,95,0.15
10.00,95,0.53
11.00,95,0.21
1.00,96,0.00
2.00,96,0.06
3.00,96,0.19
4.00,96,0.12
5.00,96,0.20
6.00,96,0.46
7.00,96,0.29
8.00,96,0.10
9.00,96,1.14
10.00,96,0.84
11.00,96,1.64
1.00,97,0.00
2.00,97,0.16
3.00,97,0.22
4.00,97,0.41
5.00,97,0.72
6.00,97,0.44
7.00,97,0.90
8.00,97,0.31
9.00,97,0.37
10.00,97,1.41
11.00,97,0.44
1.00,98,0.00
2.00,98,0.18
3.00,98,0.23
4.00,98,0.24
5.00,98,0.39
6.00,98,0.33
7.00,98,0.40
8.00,98,0.42
9.00,98,0.95
10.00,98,0.28
11.00,98,1.44
1.00,99,0.00
2.00,99,0.02
3.00,99,0.17
4.00,99,0.37
5.00,99,0.18
6.00,99,0.82
7.00,99,0.50
8.00,99,0.79
9.00,99,0.52
10.00,99,0.45
11.00,99,0.73
1.00,100,0.00
2.00,100,0.06
3.00,100,0.21
4.00,100,0.11
5.00,100,0.68
6.00,100,0.32
7.00,100,0.09
8.00,100,0.17
9.00,100,0.34
10.00,100,0.80
11.00,100,1.77
